Object y+ y+_p y+_m dens dens_p dens_m aHe aHe_p aHe_m tauHe tauHe_p tauHe_m temp temp_p temp_m cHb cHb_p cHb_m aH aH_p aH_m xi xi_p xi_m
IZw18SE1 0.078065 0.003228 0.003947 15.452619 94.001831 13.168038 0.216484 0.205546 0.142663 1.796077 1.286342 1.097468 19073.048715 1813.818701 2037.108844 0.022382 0.020036 0.015186 3.341531 0.631438 0.658948 -3.010800 2.043991 2.069338 
SBS0335-052E1 0.079274 0.002699 0.003194 12.346305 65.759655 10.052213 0.185429 0.137799 0.117316 4.224990 0.542658 1.055141 18094.174917 2295.270713 2535.483660 0.107964 0.024433 0.026783 2.085330 0.898973 0.873458 -3.243537 2.088142 1.952316 
SBS0335-052E3 0.082662 0.003035 0.004446 20.945680 137.658483 18.281056 0.421713 0.103138 0.117610 2.437682 0.872626 0.984075 18509.407291 2158.417880 2772.092208 0.208878 0.019890 0.020338 0.203284 0.326959 0.148707 -2.925070 1.991613 2.090666 
J0519+0007 0.089635 0.003516 0.004136 10.885028 85.167430 8.769092 0.614314 0.248784 0.230099 1.799088 1.111634 1.018651 17638.593196 2582.708500 2810.086093 0.215265 0.021223 0.023499 0.122804 0.216289 0.089580 -2.787240 1.828169 2.066830
SBS0940+5442 0.082689 0.002176 0.002526 9.713127 40.426795 7.709078 0.390356 0.137389 0.132075 0.942075 0.836567 0.640703 19137.492225 1744.572460 2110.589636 0.078513 0.021627 0.022259 1.527808 0.943852 0.881280 -3.101754 2.040270 1.995739 
Tol65 0.082545 0.002736 0.003414 20.565084 124.438898 17.947679 0.657432 0.090353 0.095324 1.231689 1.004922 0.799433 17318.134614 2232.228368 2083.697343 0.124902 0.024110 0.023708 3.780435 0.626439 0.691170 -3.001024 1.987855 2.058920 
SBS1415+437No13 0.077361 0.003240 0.004795 46.094909 248.569681 42.700453 0.269770 0.093065 0.104068 2.171063 0.980623 1.013985 16370.732857 2252.940764 2356.176068 0.127581 0.019195 0.021171 0.435957 0.508170 0.303510 -3.046772 2.033407 2.015392 
CGCG007-025No2 0.080517 0.002886 0.003518 21.035371 170.664936 18.491149 0.216806 0.172057 0.134566 2.356101 1.176276 1.255350 15075.894570 2361.087581 2116.107025 0.177064 0.022054 0.021478 0.227118 0.337402 0.169006 -2.772229 1.830421 2.151499 
Mrk209 0.082403 0.002609 0.003169 18.112750 107.019150 15.645937 0.254162 0.132570 0.123959 1.198610 0.960048 0.759806 17090.877950 1899.050073 1794.713225 0.019539 0.018743 0.012838 1.846340 0.797611 0.810067 -2.868969 1.955385 2.093655 
SBS1030+583 0.078538 0.003138 0.004882 37.069842 243.210831 33.689525 0.166835 0.079736 0.077466 1.582470 1.270872 1.001915 16342.994004 2006.093698 1900.936701 0.020495 0.020024 0.014146 1.085871 0.362850 0.384847 -3.248403 2.135149 1.861000 
Mrk71No1 0.084333 0.002587 0.002571 11.530587 61.954343 9.342335 0.397511 0.268041 0.239031 2.432829 0.984252 1.097891 15387.936808 2197.626585 2042.564668 0.108684 0.020067 0.021933 1.321898 1.251916 0.915791 -3.069153 2.036812 2.005437 
SBS1152+579 0.081360 0.002465 0.002926 20.237495 147.379909 17.572736 0.297919 0.104693 0.108700 3.494932 0.932234 1.151967 14577.844216 2066.850276 1999.662183 0.237500 0.023598 0.023107 0.870377 0.773393 0.569965 -3.146028 2.001988 1.968243 
Mrk59 0.084665 0.002405 0.002588 19.298095 108.626673 16.505176 0.514754 0.088488 0.089524 0.984743 0.893666 0.670698 14071.916888 1625.336913 1635.635388 0.118632 0.023723 0.022937 1.715423 0.551029 0.548887 -3.093252 2.032949 2.016519 
SBS1135+581 0.085996 0.002738 0.003059 55.243732 340.537566 51.611783 0.418508 0.084015 0.083304 1.844906 0.909536 0.878419 12710.235610 1684.393193 1459.822158 0.106135 0.024416 0.023971 3.493583 0.547046 0.576012 -2.818951 1.894720 2.079353 
Mrk450No1 0.083922 0.002140 0.002307 29.758400 296.627697 26.909308 0.284766 0.148043 0.143985 2.006978 1.070101 0.993135 11802.302374 1465.054058 1153.955944 0.150862 0.022374 0.023325 2.011942 1.206881 1.047115 -2.974654 1.958111 2.031886 