Object y+ y+_p y+_m dens dens_p dens_m aHe aHe_p aHe_m tauHe tauHe_p tauHe_m temp temp_p temp_m cHb cHb_p cHb_m aH aH_p aH_m xi xi_p xi_m
IZw18SE1 0.086988 0.002267 0.002233 31.102831 282.160725 27.779757 0.627711 0.215635 0.223528 0.399591 0.398652 0.276518 20825.192682 804.982279 1144.636793 0.011957 0.015108 0.008625 4.321637 0.460714 0.482619 -2.968250 1.915360 2.060370 
J0519+0007 0.099879 0.000090 0.000234 2.518601 3.977592 1.200187 0.765311 0.174764 0.191096 4.838150 0.122337 0.291361 21894.138020 79.751796 191.766676 0.203991 0.015650 0.017291 0.142251 0.253729 0.105771 -2.942305 1.913898 1.952044 
SBS0940+5442 0.090484 0.001344 0.001383 26.550205 234.280973 23.673727 0.780242 0.123024 0.126313 0.098667 0.141072 0.071821 21161.463216 588.634180 851.870361 0.039195 0.019630 0.020167 4.130966 0.798531 0.826017 -3.155184 2.092466 1.970783 
Tol65 0.099874 0.000096 0.000198 8.838005 939.970602 6.847517 1.258695 0.059956 0.065540 0.678587 0.228767 0.200603 21921.692602 59.356893 139.638678 0.021478 0.016249 0.013557 7.542728 0.436363 0.445752 -3.153737 2.038216 1.854732 
CGCG007-025No2 0.099870 0.000096 0.000206 3.611857 9.814864 2.123316 1.007376 0.150875 0.139444 1.695896 0.414587 0.411361 21903.588380 73.644301 160.506880 0.099868 0.022482 0.022500 3.484699 0.885084 0.887472 -2.936539 1.929470 2.031502 
Mrk209 0.097483 0.001145 0.001398 16.386959 941.182755 14.068971 0.834665 0.105864 0.102347 1.429012 0.491417 0.461230 21831.630034 124.605727 274.457491 0.005214 0.007889 0.003815 3.744949 0.637728 0.578124 -3.273215 2.136137 1.802651 
SBS1030+583 0.087307 0.001204 0.001191 38.171008 314.835125 34.837557 0.342949 0.066322 0.068300 0.095355 0.139111 0.070590 18467.948041 905.308565 859.322057 0.007109 0.010192 0.005176 1.859472 0.247443 0.250702 -3.098619 2.018466 1.960999 
Mrk71No1 0.099993 0.000006 0.000013 1.236153 0.331747 0.168846 1.038737 0.188057 0.204353 4.987370 0.009494 0.019578 21992.727462 5.540790 10.874485 0.000899 0.001450 0.000668 9.862396 0.100072 0.227059 -2.690725 1.786766 2.065963 
SBS1152+579 0.099875 0.000091 0.000200 4.295756 13.270236 2.757742 0.983003 0.075133 0.085811 1.336537 0.235498 0.240126 21896.622771 78.515259 170.244877 0.136652 0.019581 0.018671 6.320488 0.581049 0.602655 -3.028738 1.989404 1.918765 
Mrk59 0.091464 0.000777 0.000786 28.639954 288.919794 25.753875 0.713746 0.076161 0.075486 0.410806 0.259150 0.234104 16285.351776 687.889051 707.207054 0.106401 0.018585 0.019106 2.746927 0.345688 0.352513 -3.029867 2.015187 2.021463 
SBS1135+581 0.085839 0.000732 0.000739 39.992132 286.228484 36.695692 0.436747 0.060900 0.063870 1.294574 0.295348 0.298553 10788.662927 526.946503 479.271137 0.104643 0.019943 0.020238 3.286489 0.381335 0.336878 -3.066042 1.996600 1.994829 
Mrk450No1 0.099650 0.000256 0.000482 11.685647 168.347418 9.465895 0.933358 0.116760 0.117440 0.860820 0.284444 0.273289 20162.267864 799.536533 818.775667 0.128084 0.019773 0.021287 7.260482 0.891591 0.841604 -3.000006 1.973951 2.060977 
