Object y+ y+_p y+_m dens dens_p dens_m aHe aHe_p aHe_m tauHe tauHe_p tauHe_m temp temp_p temp_m cHb cHb_p cHb_m aH aH_p aH_m xi xi_p xi_m
IZw18SE1 0.076488 0.002947 0.002805 63.213034 27.470519 22.279861 0.250970 0.201442 0.158767 0.610633 0.534097 0.404261 18148.098954 1846.630642 1896.439241 0.016512 0.019698 0.011715 3.732223 0.527103 0.598654 -3.136281 2.033612 1.959144 
J0519+0007 0.077313 0.002382 0.002444 469.273073 106.462125 68.934713 0.292264 0.211266 0.182586 3.195140 0.564604 0.534553 18805.936787 2014.383927 2403.616094 0.205661 0.019941 0.020337 0.103708 0.173671 0.077531 -3.157050 2.076521 1.935738 
SBS0940+5442 0.079643 0.001853 0.001801 85.020869 23.569304 19.193399 0.352540 0.139382 0.128051 0.234606 0.267817 0.167116 17210.151705 1352.192044 1421.714773 0.064854 0.019846 0.020058 1.957270 0.918048 0.879935 -3.177216 2.100837 1.955128 
Tol65 0.076437 0.001648 0.001645 305.107597 60.910094 45.259986 0.593717 0.086864 0.087022 0.490421 0.341593 0.288865 16138.181291 1474.187245 1529.588513 0.106309 0.021452 0.021200 4.235639 0.623398 0.627240 -2.991835 1.950882 2.013072 
CGCG007-025No2 0.077129 0.001963 0.001839 235.202101 84.859787 53.430304 0.205896 0.162845 0.127687 1.069201 0.631752 0.575179 13805.711153 1848.624459 1741.598153 0.175587 0.020662 0.022260 0.271152 0.391623 0.197948 -3.246172 2.024746 1.848538 
Mrk209 0.081074 0.002044 0.002062 82.072573 27.089249 20.197561 0.251830 0.120837 0.115438 0.658399 0.547230 0.431747 16560.035767 1696.691357 1694.686050 0.015047 0.014821 0.010305 2.171950 0.732670 0.765101 -3.156319 2.043619 1.932566 
SBS1030+583 0.078440 0.002015 0.002075 49.743364 21.685053 15.767912 0.190062 0.071613 0.071737 0.412367 0.375465 0.282819 15013.023756 1272.299178 1406.608129 0.014441 0.016394 0.010064 1.275797 0.309316 0.338302 -3.005382 1.958038 2.058677 
Mrk71No1 0.081211 0.002101 0.001729 178.127547 41.922986 37.661521 0.347336 0.304669 0.225782 1.667827 0.484823 0.426794 14358.637700 1611.274286 1314.645423 0.097964 0.020160 0.019633 2.045316 1.396334 1.116705 -2.980507 1.888519 2.068681 
SBS1152+579 0.074898 0.001446 0.001411 674.288266 170.945419 142.740777 0.237893 0.099163 0.097792 1.435747 0.280852 0.296314 12567.879652 1675.743836 1282.737649 0.213115 0.021035 0.022006 1.955844 0.680223 0.648394 -3.141055 2.036624 1.969780 
Mrk59 0.085936 0.002188 0.002208 20.651055 14.082166 11.100660 0.556168 0.089875 0.092109 0.818038 0.354131 0.332653 14394.270174 1235.863541 1210.882701 0.115676 0.020272 0.019076 1.944699 0.556692 0.537677 -2.968243 1.933884 2.012826 
SBS1135+581 0.084262 0.000816 0.000850 2.764104 3.963625 1.405863 0.388003 0.064346 0.065073 1.362593 0.294200 0.293051 10883.245640 586.730711 504.892284 0.103682 0.020624 0.020238 3.184768 0.371624 0.361499 -3.123606 2.002824 1.999383 
Mrk450No1 0.084497 0.001881 0.001699 110.753725 33.135160 26.433185 0.288608 0.154002 0.139322 2.452982 0.438696 0.437657 12404.898584 1157.634368 1040.275333 0.156717 0.020371 0.022235 1.793049 1.089149 0.971082 -2.998827 2.031652 2.020999 
