Object y+ y+_p y+_m dens dens_p dens_m aHe aHe_p aHe_m tauHe tauHe_p tauHe_m temp temp_p temp_m cHb cHb_p cHb_m aH aH_p aH_m xi xi_p xi_m
IZw18SE1 0.076105 0.003025 0.002623 1.841223 0.152681 0.176836 0.245814 0.221078 0.161853 0.671761 0.540529 0.425273 17490.262702 1805.705189 1865.893707 0.014284 0.016085 0.010156 3.714615 0.517042 0.521514 -3.225226 2.038313 1.923820 
SBS0940+5442 0.079657 0.001840 0.001814 1.921638 0.100277 0.110579 0.382613 0.138348 0.129864 0.242577 0.252017 0.170029 17368.317018 1378.438462 1390.353339 0.060595 0.018785 0.019537 2.459381 0.813171 0.798342 -3.147986 2.072363 1.968727 
Tol65 0.076426 0.001643 0.001533 2.462411 0.073834 0.068090 0.620561 0.086308 0.084501 0.411223 0.348770 0.262274 16591.032906 1507.080255 1486.888686 0.099580 0.018714 0.019316 4.937806 0.521038 0.524082 -3.071210 1.966402 1.978792 
CGCG007-025No2 0.076063 0.001885 0.001662 2.380510 0.119665 0.107349 0.224025 0.170809 0.139072 1.109645 0.608438 0.575876 13864.611095 1838.758985 1666.287296 0.182246 0.022171 0.022350 0.465269 0.544588 0.331390 -3.108520 2.035154 2.012396 
SBS1030+583 0.078484 0.001965 0.002120 1.699444 0.165001 0.168620 0.193559 0.075093 0.074613 0.416371 0.394996 0.275820 14916.925665 1318.780925 1427.692547 0.012090 0.014839 0.008619 1.326862 0.294682 0.331841 -2.857331 1.924125 2.134215 
SBS1152+579 0.074554 0.001556 0.001488 2.785696 0.109139 0.091936 0.286656 0.102864 0.102217 1.372532 0.290396 0.321792 13225.682764 1638.750713 1544.053195 0.199819 0.020256 0.020416 3.290456 0.629491 0.615672 -2.953601 1.969252 2.055351 
Mrk59 0.086541 0.001932 0.001853 1.189964 0.235875 0.369721 0.601066 0.083998 0.085542 0.671612 0.337014 0.311351 14908.762918 1194.248980 1134.700726 0.108096 0.019077 0.018731 2.611600 0.459361 0.469240 -3.079396 1.987473 1.996100 
SBS1135+581 0.084132 0.000828 0.000888 0.415902 0.382238 0.295983 0.412347 0.061429 0.064857 1.341620 0.290936 0.304427 10875.597260 579.669910 505.227358 0.093978 0.018284 0.017857 3.674344 0.304148 0.309043 -3.091160 2.012408 2.001022 
Mrk450No1 0.084460 0.001864 0.001727 2.021146 0.118017 0.114793 0.361442 0.152232 0.144386 2.404815 0.433823 0.429087 12627.421194 1129.867729 1100.095330 0.144846 0.019819 0.019630 3.246860 1.048735 0.958926 -3.035467 1.995964 2.002302 
