wavelength X(x)
3.100000000000000000e+03 1.515217492874416205e+00
3.109909909909909857e+03 1.510086062999889123e+00
3.119819819819819713e+03 1.504939011131910087e+00
3.129729729729729570e+03 1.499796426896419677e+00
3.139639639639639427e+03 1.494676045996403246e+00
3.149549549549549738e+03 1.489593440903874466e+00
3.159459459459459595e+03 1.484562198364271612e+00
3.169369369369369451e+03 1.479594084560680534e+00
3.179279279279279308e+03 1.474699198732541072e+00
3.189189189189189165e+03 1.469886115993824571e+00
3.199099099099099021e+03 1.465162020049247893e+00
3.209009009009008878e+03 1.460532826463388334e+00
3.218918918918918735e+03 1.456003297096754689e+00
3.228828828828828591e+03 1.451577146284372288e+00
3.238738738738738903e+03 1.447257139296479922e+00
3.248648648648648759e+03 1.443045183587193581e+00
3.258558558558558616e+03 1.438942413305204671e+00
3.268468468468468473e+03 1.434949267510920112e+00
3.278378378378378329e+03 1.431065562516520284e+00
3.288288288288288186e+03 1.427290558739241932e+00
3.298198198198198043e+03 1.423623022433615271e+00
3.308108108108107899e+03 1.420061282645391998e+00
3.318018018018018211e+03 1.416603283708210093e+00
3.327927927927928067e+03 1.413246633583827183e+00
3.337837837837837924e+03 1.409988648327655580e+00
3.347747747747747781e+03 1.406826392943548720e+00
3.357657657657657637e+03 1.403756718874954679e+00
3.367567567567567494e+03 1.400776298363903383e+00
3.377477477477477350e+03 1.397881655894502195e+00
3.387387387387387207e+03 1.395069196923796273e+00
3.397297297297297519e+03 1.392335234089870699e+00
3.407207207207207375e+03 1.389676011074888917e+00
3.417117117117117232e+03 1.387087724289335133e+00
3.427027027027027088e+03 1.384566542533025357e+00
3.436936936936936945e+03 1.382108624778381367e+00
3.446846846846846802e+03 1.379710136212055183e+00
3.456756756756756658e+03 1.377367262662120728e+00
3.466666666666666515e+03 1.375076223529789310e+00
3.476576576576576372e+03 1.372833283336786669e+00
3.486486486486486683e+03 1.370634761992276518e+00
3.496396396396396540e+03 1.368477043876338062e+00
3.506306306306306396e+03 1.366356585830617920e+00
3.516216216216216253e+03 1.364269924140753654e+00
3.526126126126126110e+03 1.362213680589525744e+00
3.536036036036035966e+03 1.360184567654412424e+00
3.545945945945945823e+03 1.358179392918287487e+00
3.555855855855855680e+03 1.356195062757319381e+00
3.565765765765765536e+03 1.354228585365820248e+00
3.575675675675675848e+03 1.352277073173699939e+00
3.585585585585585704e+03 1.350337744708358212e+00
3.595495495495495561e+03 1.348407925949288488e+00
3.605405405405405418e+03 1.346485051220289497e+00
3.615315315315315274e+03 1.344566663661074246e+00
3.625225225225225131e+03 1.342650415317112822e+00
3.635135135135134988e+03 1.340734066883792597e+00
3.645045045045045299e+03 1.338815487138412808e+00
3.654954954954954701e+03 1.336892652091123290e+00
3.664864864864865012e+03 1.334963643883659845e+00
3.674774774774774869e+03 1.333026649462625723e+00
3.684684684684684726e+03 1.331079959052074990e+00
3.694594594594594582e+03 1.329121964448361393e+00
3.704504504504504439e+03 1.327151157158428463e+00
3.714414414414414296e+03 1.325166126401158495e+00
3.724324324324324152e+03 1.323165556989868819e+00
3.734234234234234464e+03 1.321148227112635132e+00
3.744144144144143866e+03 1.319113006025830925e+00
3.754054054054054177e+03 1.317058851675020570e+00
3.763963963963964034e+03 1.314984808256228099e+00
3.773873873873873890e+03 1.312890003729502597e+00
3.783783783783783747e+03 1.310773647295749411e+00
3.793693693693693604e+03 1.308635026846831417e+00
3.803603603603603460e+03 1.306473506398099671e+00
3.813513513513513317e+03 1.304288523511713205e+00
3.823423423423423628e+03 1.302079586718337456e+00
3.833333333333333485e+03 1.299846272944139791e+00
3.843243243243243342e+03 1.297588224949332458e+00
3.853153153153153198e+03 1.295305148783918892e+00
3.863063063063063055e+03 1.292996811265743728e+00
3.872972972972972912e+03 1.290663037485418663e+00
3.882882882882882768e+03 1.288303708342216636e+00
3.892792792792793080e+03 1.285918758114586780e+00
3.902702702702702481e+03 1.283508172068512199e+00
3.912612612612612793e+03 1.281071984106575190e+00
3.922522522522522650e+03 1.278610274460205032e+00
3.932432432432432506e+03 1.276123167427289040e+00
3.942342342342342363e+03 1.273610829156999191e+00
3.952252252252252219e+03 1.271073465483427478e+00
3.962162162162162076e+03 1.268511319809343396e+00
3.972072072072071933e+03 1.265924671041172456e+00
3.981981981981982244e+03 1.263313831576061919e+00
3.991891891891891646e+03 1.260679145341704110e+00
4.001801801801801957e+03 1.258020985889400478e+00
4.011711711711711814e+03 1.255339754540694353e+00
4.021621621621621671e+03 1.252635878587725404e+00
4.031531531531531527e+03 1.249909809547339989e+00
4.041441441441441384e+03 1.247162021468849247e+00
4.051351351351351241e+03 1.244393009295222674e+00
4.061261261261261097e+03 1.241603287277383227e+00
4.071171171171171409e+03 1.238793387441198934e+00
4.081081081081080811e+03 1.235963858106655211e+00
4.090990990990991122e+03 1.233115262458634565e+00
4.100900900900900524e+03 1.230248177168656643e+00
4.110810810810810835e+03 1.227363191066856318e+00
4.120720720720721147e+03 1.224460903863457295e+00
4.130630630630630549e+03 1.221541924918905675e+00
4.140540540540540860e+03 1.218606872061828383e+00
4.150450450450450262e+03 1.215656370453918056e+00
4.160360360360360573e+03 1.212691051500829564e+00
4.170270270270269975e+03 1.209711551808137608e+00
4.180180180180180287e+03 1.206718512181389480e+00
4.190090090090090598e+03 1.203712576669268008e+00
4.200000000000000000e+03 1.200694391648863046e+00
4.209909909909909402e+03 1.197664604952041856e+00
4.219819819819819713e+03 1.194623865031896992e+00
4.229729729729730025e+03 1.191572820168257163e+00
4.239639639639639427e+03 1.188512117711225891e+00
4.249549549549549738e+03 1.185442403361726349e+00
4.259459459459459140e+03 1.182364320488036968e+00
4.269369369369369451e+03 1.179278509477286629e+00
4.279279279279278853e+03 1.176185607120910026e+00
4.289189189189189165e+03 1.173086246033051783e+00
4.299099099099099476e+03 1.169981054100929452e+00
4.309009009009008878e+03 1.166870653966163296e+00
4.318918918918919189e+03 1.163755662536112734e+00
4.328828828828828591e+03 1.160636690524249115e+00
4.338738738738738903e+03 1.157514342018624021e+00
4.348648648648648305e+03 1.154389214077503834e+00
4.358558558558558616e+03 1.151261896351245761e+00
4.368468468468468927e+03 1.148132970729532243e+00
4.378378378378378329e+03 1.145003011013059568e+00
4.388288288288287731e+03 1.141872582608831177e+00
4.398198198198198043e+03 1.138742242248198311e+00
4.408108108108108354e+03 1.135612537726819138e+00
4.418018018018017756e+03 1.132484007665721215e+00
4.427927927927928067e+03 1.129357181292668599e+00
4.437837837837838379e+03 1.126232578243071325e+00
4.447747747747747781e+03 1.123110708379653877e+00
4.457657657657657182e+03 1.119992071630164343e+00
4.467567567567567494e+03 1.116877157842387502e+00
4.477477477477477805e+03 1.113766446655769737e+00
4.487387387387387207e+03 1.110660407388956328e+00
4.497297297297297519e+03 1.107559498942584097e+00
4.507207207207206920e+03 1.104464169716679933e+00
4.517117117117117232e+03 1.101374857542024799e+00
4.527027027027026634e+03 1.098291989624879506e+00
4.536936936936936945e+03 1.095215982504468721e+00
4.546846846846847257e+03 1.092147242022649900e+00
4.556756756756756658e+03 1.089086163305197807e+00
4.566666666666666970e+03 1.086033130754168186e+00
4.576576576576576372e+03 1.082988518050806093e+00
4.586486486486486683e+03 1.079952688168487773e+00
4.596396396396396085e+03 1.076925993395201342e+00
4.606306306306306396e+03 1.073908775365084223e+00
4.616216216216216708e+03 1.070901365098554381e+00
4.626126126126126110e+03 1.067904083050584374e+00
4.636036036036035512e+03 1.064917239166677909e+00
4.645945945945945823e+03 1.061941132946142119e+00
4.655855855855856134e+03 1.058976053512235005e+00
4.665765765765765536e+03 1.056022279688802579e+00
4.675675675675675848e+03 1.053080080083025782e+00
4.685585585585586159e+03 1.050149713173912813e+00
4.695495495495495561e+03 1.047231427406185578e+00
4.705405405405404963e+03 1.044325461289213219e+00
4.715315315315315274e+03 1.041432043500674753e+00
4.725225225225225586e+03 1.038551392994629285e+00
4.735135135135134988e+03 1.035683719113694501e+00
4.745045045045045299e+03 1.032829221705034772e+00
4.754954954954954701e+03 1.029988091239885106e+00
4.764864864864865012e+03 1.027160508936336925e+00
4.774774774774774414e+03 1.024346646885123446e+00
4.784684684684684726e+03 1.021546668178162198e+00
4.794594594594595037e+03 1.018760727039608627e+00
4.804504504504504439e+03 1.015988968959188332e+00
4.814414414414414750e+03 1.013231530827605642e+00
4.824324324324324152e+03 1.010488541073785829e+00
4.834234234234234464e+03 1.007760119803781107e+00
4.844144144144143866e+03 1.005046378941121477e+00
4.854054054054054177e+03 1.002347422368439656e+00
4.863963963963964488e+03 9.996633460701873641e-01
4.873873873873873890e+03 9.969942382762680966e-01
4.883783783783783292e+03 9.943401796064369469e-01
4.893693693693693604e+03 9.917012432152947365e-01
4.903603603603603915e+03 9.890774949377498793e-01
4.913513513513513317e+03 9.864689934347854461e-01
4.923423423423423628e+03 9.838757903394111937e-01
4.933333333333333030e+03 9.812979304026715477e-01
4.943243243243243342e+03 9.787354516395787574e-01
4.953153153153152743e+03 9.761883854748653055e-01
4.963063063063063055e+03 9.736567568884396673e-01
4.972972972972973366e+03 9.711405845604458298e-01
4.982882882882882768e+03 9.686398810158207695e-01
4.992792792792793080e+03 9.661546527682637331e-01
5.002702702702702481e+03 9.636849004635230642e-01
5.012612612612612793e+03 9.612306190219171986e-01
5.022522522522522195e+03 9.587917977800171077e-01
5.032432432432432506e+03 9.563684206314027048e-01
5.042342342342342818e+03 9.539604661664395913e-01
5.052252252252252219e+03 9.515679078109912092e-01
5.062162162162161621e+03 9.491907139640199942e-01
5.072072072072071933e+03 9.468288481340119134e-01
5.081981981981982244e+03 9.444822690741702109e-01
5.091891891891891646e+03 9.421509309163295098e-01
5.101801801801801957e+03 9.398347833035383125e-01
5.111711711711712269e+03 9.375337715212727074e-01
5.121621621621621671e+03 9.352478366272348742e-01
5.131531531531531073e+03 9.329769155796968638e-01
5.141441441441441384e+03 9.307209413643632301e-01
5.151351351351351695e+03 9.284798431197117674e-01
5.161261261261261097e+03 9.262535462607844883e-01
5.171171171171170499e+03 9.240419726014073021e-01
5.181081081081081720e+03 9.218450404748034233e-01
5.190990990990991122e+03 9.196626648525968450e-01
5.200900900900900524e+03 9.174947574621589164e-01
5.210810810810810835e+03 9.153412269023080139e-01
5.220720720720721147e+03 9.132019787573318892e-01
5.230630630630630549e+03 9.110769157093177029e-01
5.240540540540539951e+03 9.089659376487878584e-01
5.250450450450450262e+03 9.068689417836234279e-01
5.260360360360360573e+03 9.047858227462743930e-01
5.270270270270269975e+03 9.027164726992376043e-01
5.280180180180180287e+03 9.006607814388191136e-01
5.290090090090090598e+03 8.986186364971526785e-01
5.300000000000000000e+03 8.965899232424945353e-01
5.309909909909909402e+03 8.945745249777780073e-01
5.319819819819819713e+03 8.925723230374376094e-01
5.329729729729730025e+03 8.905831968825040912e-01
5.339639639639639427e+03 8.886070241939689751e-01
5.349549549549549738e+03 8.866436809644264727e-01
5.359459459459460049e+03 8.846930415880024379e-01
5.369369369369369451e+03 8.827549789485644727e-01
5.379279279279278853e+03 8.808293645062342803e-01
5.389189189189189165e+03 8.789160683822018205e-01
5.399099099099099476e+03 8.770149594418570338e-01
5.409009009009008878e+03 8.751259053762374673e-01
5.418918918918918280e+03 8.732487727818190049e-01
5.428828828828829501e+03 8.713834272386483670e-01
5.438738738738738903e+03 8.695297333868318157e-01
5.448648648648648305e+03 8.676875550013978255e-01
5.458558558558558616e+03 8.658567550655428269e-01
5.468468468468468927e+03 8.640371958422721210e-01
5.478378378378378329e+03 8.622287389444588390e-01
5.488288288288287731e+03 8.604312454033224977e-01
5.498198198198198043e+03 8.586445757353527997e-01
5.508108108108108354e+03 8.568685900076952189e-01
5.518018018018017756e+03 8.551031479020049231e-01
5.527927927927928067e+03 8.533481087767913476e-01
5.537837837837838379e+03 8.516033317282749593e-01
5.547747747747747781e+03 8.498686756497614292e-01
5.557657657657657182e+03 8.481439992895621893e-01
5.567567567567567494e+03 8.464291613074702569e-01
5.577477477477477805e+03 8.447240203298157502e-01
5.587387387387387207e+03 8.430284350031134188e-01
5.597297297297297519e+03 8.413422640463221747e-01
5.607207207207207830e+03 8.396653663017394909e-01
5.617117117117117232e+03 8.379976007845407748e-01
5.627027027027026634e+03 8.363388267309876944e-01
5.636936936936936945e+03 8.346889036453236654e-01
5.646846846846847257e+03 8.330476913453721544e-01
5.656756756756756658e+03 8.314150500068638872e-01
5.666666666666666060e+03 8.297908402064968492e-01
5.676576576576576372e+03 8.281749229637686005e-01
5.686486486486486683e+03 8.265671597815792415e-01
5.696396396396396085e+03 8.249674126856408884e-01
5.706306306306306396e+03 8.233755442626968790e-01
5.716216216216216708e+03 8.217914176975851248e-01
5.726126126126126110e+03 8.202148968091510506e-01
5.736036036036035512e+03 8.186458460850362107e-01
5.745945945945945823e+03 8.170841307153595690e-01
5.755855855855856134e+03 8.155296166253099832e-01
5.765765765765765536e+03 8.139821705066659918e-01
5.775675675675675848e+03 8.124416598482664398e-01
5.785585585585586159e+03 8.109079529654452667e-01
5.795495495495495561e+03 8.093809190284503297e-01
5.805405405405404963e+03 8.078604280898666889e-01
5.815315315315315274e+03 8.063463511110572357e-01
5.825225225225225586e+03 8.048385599876444196e-01
5.835135135135134988e+03 8.033369275740459559e-01
5.845045045045044390e+03 8.018413277070847167e-01
5.854954954954955610e+03 8.003516352286885738e-01
5.864864864864865012e+03 7.988677260077009512e-01
5.874774774774774414e+03 7.973894769608127486e-01
5.884684684684684726e+03 7.959167660726401694e-01
5.894594594594595037e+03 7.944494724149588905e-01
5.904504504504504439e+03 7.929874761651163340e-01
5.914414414414413841e+03 7.915306586236338093e-01
5.924324324324324152e+03 7.900789022310179543e-01
5.934234234234234464e+03 7.886320905837991280e-01
5.944144144144143866e+03 7.871901084498053036e-01
5.954054054054054177e+03 7.857528417826976641e-01
5.963963963963964488e+03 7.843201777357751148e-01
5.973873873873873890e+03 7.828920046750668105e-01
5.983783783783783292e+03 7.814682121917262414e-01
5.993693693693693604e+03 7.800486911137457513e-01
6.003603603603603915e+03 7.786333335170009251e-01
6.013513513513513317e+03 7.772220327356434977e-01
6.023423423423423628e+03 7.758146833718543300e-01
6.033333333333333940e+03 7.744111813049748827e-01
6.043243243243243342e+03 7.730114237000261790e-01
6.053153153153152743e+03 7.716153090156330219e-01
6.063063063063063055e+03 7.702227370113653437e-01
6.072972972972973366e+03 7.688336087545113440e-01
6.082882882882882768e+03 7.674478266262940718e-01
6.092792792792792170e+03 7.660652943275474414e-01
6.102702702702703391e+03 7.646859168838591181e-01
6.112612612612612793e+03 7.633096006502023689e-01
6.122522522522522195e+03 7.619362533150574324e-01
6.132432432432432506e+03 7.605657839040462775e-01
6.142342342342342818e+03 7.591981027830847495e-01
6.152252252252252219e+03 7.578331216610684207e-01
6.162162162162161621e+03 7.564707535921032511e-01
6.172072072072071933e+03 7.551109129772886064e-01
6.181981981981982244e+03 7.537535155660731734e-01
6.191891891891891646e+03 7.523984784571842166e-01
6.201801801801801957e+03 7.510457200991487170e-01
6.211711711711712269e+03 7.496951602904153855e-01
6.221621621621621671e+03 7.483467201790864332e-01
6.231531531531531073e+03 7.470003222622725314e-01
6.241441441441441384e+03 7.456558903850765141e-01
6.251351351351351695e+03 7.443133497392252496e-01
6.261261261261261097e+03 7.429726268613469076e-01
6.271171171171171409e+03 7.416336496309138271e-01
6.281081081081081720e+03 7.402963472678570911e-01
6.290990990990991122e+03 7.389606503298614681e-01
6.300900900900900524e+03 7.376264907093491585e-01
6.310810810810810835e+03 7.362938016301652233e-01
6.320720720720721147e+03 7.349625176439703589e-01
6.330630630630630549e+03 7.336325746263523406e-01
6.340540540540539951e+03 7.323039097726592450e-01
6.350450450450450262e+03 7.309764615935719911e-01
6.360360360360360573e+03 7.296501699104174232e-01
6.370270270270269975e+03 7.283249758502298166e-01
6.380180180180180287e+03 7.270008218405751288e-01
6.390090090090090598e+03 7.256776516041394398e-01
6.400000000000000000e+03 7.243554101530930156e-01
6.409909909909909402e+03 7.230340437832331046e-01
6.419819819819819713e+03 7.217135000679214540e-01
6.429729729729730025e+03 7.203937278518127707e-01
6.439639639639639427e+03 7.190746772443905588e-01
6.449549549549549738e+03 7.177562996133107776e-01
6.459459459459460049e+03 7.164385475775653100e-01
6.469369369369369451e+03 7.151213750004679071e-01
6.479279279279278853e+03 7.138047369824707111e-01
6.489189189189189165e+03 7.124885898538189100e-01
6.499099099099099476e+03 7.111728911670467390e-01
6.509009009009008878e+03 7.098575996893250473e-01
6.518918918918918280e+03 7.085426753946627576e-01
6.528828828828829501e+03 7.072280794559703265e-01
6.538738738738738903e+03 7.059137742369898660e-01
6.548648648648648305e+03 7.045997232840981450e-01
6.558558558558558616e+03 7.032858913179871330e-01
6.568468468468468927e+03 7.019722442252298578e-01
6.578378378378378329e+03 7.006587490497340198e-01
6.588288288288287731e+03 6.993453739840880257e-01
6.598198198198198043e+03 6.980320883608092108e-01
6.608108108108108354e+03 6.967188626434949184e-01
6.618018018018017756e+03 6.954056684178795411e-01
6.627927927927928067e+03 6.940924783828108513e-01
6.637837837837838379e+03 6.927792663411381779e-01
6.647747747747747781e+03 6.914660071905284200e-01
6.657657657657657182e+03 6.901526769142054540e-01
6.667567567567567494e+03 6.888392525716220405e-01
6.677477477477477805e+03 6.875257122890691130e-01
6.687387387387387207e+03 6.862120352502211196e-01
6.697297297297297519e+03 6.848982016866268507e-01
6.707207207207207830e+03 6.835841928681486435e-01
6.717117117117117232e+03 6.822699910933507361e-01
6.727027027027026634e+03 6.809555796798439919e-01
6.736936936936936945e+03 6.796409429545886560e-01
6.746846846846847257e+03 6.783260662441591426e-01
6.756756756756756658e+03 6.770109358649761822e-01
6.766666666666666060e+03 6.756955391135031075e-01
6.776576576576576372e+03 6.743798642564208246e-01
6.786486486486486683e+03 6.730639005207721404e-01
6.796396396396396085e+03 6.717476380840895489e-01
6.806306306306306396e+03 6.704310680644989251e-01
6.816216216216216708e+03 6.691141825108144481e-01
6.826126126126126110e+03 6.677969743926144286e-01
6.836036036036035512e+03 6.664794375903109191e-01
6.845945945945945823e+03 6.651615668852115526e-01
6.855855855855856134e+03 6.638433579495750525e-01
6.865765765765765536e+03 6.625248073366681867e-01
6.875675675675675848e+03 6.612059124708189461e-01
6.885585585585586159e+03 6.598866716374754970e-01
6.895495495495495561e+03 6.585670839732704618e-01
6.905405405405404963e+03 6.572471494560916394e-01
6.915315315315315274e+03 6.559268688951619408e-01
6.925225225225225586e+03 6.546062439211346451e-01
6.935135135135134988e+03 6.532852769761975376e-01
6.945045045045044390e+03 6.519639713041988083e-01
6.954954954954955610e+03 6.506423309407858291e-01
6.964864864864865012e+03 6.493203607035696878e-01
6.974774774774774414e+03 6.479980661823042665e-01
6.984684684684684726e+03 6.466754537290965166e-01
6.994594594594595037e+03 6.453525304486378289e-01
7.004504504504504439e+03 6.440293041884637137e-01
7.014414414414413841e+03 6.427057835292412369e-01
7.024324324324324152e+03 6.413819777750886519e-01
7.034234234234234464e+03 6.400578969439275623e-01
7.044144144144143866e+03 6.387335517578640598e-01
7.054054054054054177e+03 6.374089536336096096e-01
7.063963963963964488e+03 6.360841146729369067e-01
7.073873873873873890e+03 6.347590476531722592e-01
7.083783783783783292e+03 6.334337660177259410e-01
7.093693693693693604e+03 6.321082838666676196e-01
7.103603603603603915e+03 6.307826159473365335e-01
7.113513513513513317e+03 6.294567776449995211e-01
7.123423423423423628e+03 6.281307849735506821e-01
7.133333333333333940e+03 6.268046545662536717e-01
7.143243243243243342e+03 6.254784036665365088e-01
7.153153153153152743e+03 6.241520501188234649e-01
7.163063063063063055e+03 6.228256123594244631e-01
7.172972972972973366e+03 6.214991094074654443e-01
7.182882882882882768e+03 6.201725608558742442e-01
7.192792792792792170e+03 6.188459868624133220e-01
7.202702702702702481e+03 6.175194081407636704e-01
7.212612612612612793e+03 6.161928459516642365e-01
7.222522522522522195e+03 6.148663220941008589e-01
7.232432432432432506e+03 6.135398588965483846e-01
7.242342342342341908e+03 6.122134792082714050e-01
7.252252252252252219e+03 6.108872063906740646e-01
7.262162162162162531e+03 6.095610643087105984e-01
7.272072072072071933e+03 6.082350773223476059e-01
7.281981981981982244e+03 6.069092702780860549e-01
7.291891891891891646e+03 6.055836685005402398e-01
7.301801801801801957e+03 6.042582977840712521e-01
7.311711711711711359e+03 6.029331843844842886e-01
7.321621621621621671e+03 6.016083550107781397e-01
7.331531531531531982e+03 6.002838368169598482e-01
7.341441441441441384e+03 5.989596573939146573e-01
7.351351351351351695e+03 5.976358447613370206e-01
7.361261261261261097e+03 5.963124273597230074e-01
7.371171171171171409e+03 5.949894340424207728e-01
7.381081081081080811e+03 5.936668940677450879e-01
7.390990990990991122e+03 5.923448370911509331e-01
7.400900900900900524e+03 5.910232931574675996e-01
7.410810810810810835e+03 5.897022926931965170e-01
7.420720720720721147e+03 5.883818664988718083e-01
7.430630630630630549e+03 5.870620457414785776e-01
7.440540540540540860e+03 5.857428619469374764e-01
7.450450450450450262e+03 5.844243469926507784e-01
7.460360360360360573e+03 5.831065331001090701e-01
7.470270270270269975e+03 5.817894528275642241e-01
7.480180180180180287e+03 5.804731390627615450e-01
7.490090090090089689e+03 5.791576250157371986e-01
7.500000000000000000e+03 5.778429442116765902e-01
7.509909909909910311e+03 5.765291304838384701e-01
7.519819819819819713e+03 5.752162179665400998e-01
7.529729729729730025e+03 5.739042410882043699e-01
7.539639639639639427e+03 5.725932345644745292e-01
7.549549549549549738e+03 5.712832333913854255e-01
7.559459459459459140e+03 5.699742728386056889e-01
7.569369369369369451e+03 5.686663884427342053e-01
7.579279279279278853e+03 5.673596160006683098e-01
7.589189189189189165e+03 5.660539915630277141e-01
7.599099099099099476e+03 5.647495514276454909e-01
7.609009009009008878e+03 5.634463321331207863e-01
7.618918918918919189e+03 5.621443704524333729e-01
7.628828828828828591e+03 5.608437033866228161e-01
7.638738738738738903e+03 5.595443681585267059e-01
7.648648648648648305e+03 5.582464022065857234e-01
7.658558558558558616e+03 5.569498431787059944e-01
7.668468468468468927e+03 5.556547289261892786e-01
7.678378378378378329e+03 5.543610974977176697e-01
7.688288288288288641e+03 5.530689871334081298e-01
7.698198198198198043e+03 5.517784362589212011e-01
7.708108108108108354e+03 5.504894834796371095e-01
7.718018018018017756e+03 5.492021675748884890e-01
7.727927927927928067e+03 5.479165274922571660e-01
7.737837837837837469e+03 5.466326023419297853e-01
7.747747747747747781e+03 5.453504313911144985e-01
7.757657657657658092e+03 5.440700540585189371e-01
7.767567567567567494e+03 5.427915099088873596e-01
7.777477477477477805e+03 5.415148386475961972e-01
7.787387387387387207e+03 5.402400801153126597e-01
7.797297297297297519e+03 5.389672742827097407e-01
7.807207207207206920e+03 5.376964612452410641e-01
7.817117117117117232e+03 5.364276812179754605e-01
7.827027027027026634e+03 5.351609745304883869e-01
7.836936936936936945e+03 5.338963816218125213e-01
7.846846846846847257e+03 5.326339430354480875e-01
7.856756756756756658e+03 5.313736994144271364e-01
7.866666666666666970e+03 5.301156914964376687e-01
7.876576576576576372e+03 5.288599601090046010e-01
7.886486486486486683e+03 5.276065461647274635e-01
7.896396396396396085e+03 5.263554906565732772e-01
7.906306306306306396e+03 5.251068346532282716e-01
7.916216216216215798e+03 5.238606192945027829e-01
7.926126126126126110e+03 5.226168857867925510e-01
7.936036036036036421e+03 5.213756753985961945e-01
7.945945945945945823e+03 5.201370294560870855e-01
7.955855855855856134e+03 5.189009893387371841e-01
7.965765765765765536e+03 5.176675964750004910e-01
7.975675675675675848e+03 5.164368923380449061e-01
7.985585585585585250e+03 5.152089184415411527e-01
7.995495495495495561e+03 5.139837163355033267e-01
8.005405405405405872e+03 5.127613276021828481e-01
8.015315315315315274e+03 5.115417938520143704e-01
8.025225225225225586e+03 5.103251567196152028e-01
8.035135135135134988e+03 5.091114578598338047e-01
8.045045045045045299e+03 5.079007389438533471e-01
8.054954954954954701e+03 5.066930416553447891e-01
8.064864864864865012e+03 5.054884076866669185e-01
8.074774774774774414e+03 5.042868787351256765e-01
8.084684684684684726e+03 5.030884964992732300e-01
8.094594594594595037e+03 5.018933026752653292e-01
8.104504504504504439e+03 5.007013389532614100e-01
8.114414414414414750e+03 4.995126470138785968e-01
8.124324324324324152e+03 4.983272685246915024e-01
8.134234234234234464e+03 4.971452451367801006e-01
8.144144144144143866e+03 4.959666184813275036e-01
8.154054054054054177e+03 4.947914301662631464e-01
8.163963963963963579e+03 4.936197217729550446e-01
8.173873873873873890e+03 4.924515348529459602e-01
8.183783783783784202e+03 4.912869109247399169e-01
8.193693693693694513e+03 4.901258914706299596e-01
8.203603603603603915e+03 4.889685179335764298e-01
8.213513513513513317e+03 4.878148317141267065e-01
8.223423423423424538e+03 4.866648741673822998e-01
8.233333333333332121e+03 4.855186866000088530e-01
8.243243243243243342e+03 4.843763102672909993e-01
8.253153153153152743e+03 4.832377863702320142e-01
8.263063063063062145e+03 4.821031560526946591e-01
8.272972972972973366e+03 4.809724603985872093e-01
8.282882882882882768e+03 4.798457404290912831e-01
8.292792792792792170e+03 4.787230370999312479e-01
8.302702702702703391e+03 4.776043912986879247e-01
8.312612612612612793e+03 4.764898438421508176e-01
8.322522522522522195e+03 4.753794354737145844e-01
8.332432432432433416e+03 4.742732068608133122e-01
8.342342342342340999e+03 4.731711985923997554e-01
8.352252252252252219e+03 4.720734511764582697e-01
8.362162162162163440e+03 4.709800050375638758e-01
8.372072072072071023e+03 4.698909005144786821e-01
8.381981981981982244e+03 4.688061778577826688e-01
8.391891891891891646e+03 4.677258772275530441e-01
8.401801801801801048e+03 4.666500386910719667e-01
8.411711711711712269e+03 4.655787022205776227e-01
8.421621621621621671e+03 4.645119076910531053e-01
8.431531531531531073e+03 4.634496948780502668e-01
8.441441441441442294e+03 4.623921034555511511e-01
8.451351351351351695e+03 4.613391729938681185e-01
8.461261261261261097e+03 4.602909429575763878e-01
8.471171171171172318e+03 4.592474527034870468e-01
8.481081081081079901e+03 4.582087414786515378e-01
8.490990990990991122e+03 4.571748484184022798e-01
8.500900900900900524e+03 4.561458125444327605e-01
8.510810810810809926e+03 4.551216727629022185e-01
8.520720720720721147e+03 4.541024678625871225e-01
8.530630630630630549e+03 4.530882365130548539e-01
8.540540540540539951e+03 4.520790172628778580e-01
8.550450450450451171e+03 4.510748485378795469e-01
8.560360360360360573e+03 4.500757686394120105e-01
8.570270270270269975e+03 4.490818157426661461e-01
8.580180180180181196e+03 4.480930278950149281e-01
8.590090090090088779e+03 4.471094430143891518e-01
8.600000000000000000e+03 4.461310988876818762e-01
8.609909909909911221e+03 4.451580331691868953e-01
8.619819819819818804e+03 4.441902833790673522e-01
8.629729729729730025e+03 4.432278869018529410e-01
8.639639639639639427e+03 4.422708809849703049e-01
8.649549549549548829e+03 4.413193027373018551e-01
8.659459459459460049e+03 4.403731891277732347e-01
8.669369369369369451e+03 4.394325769839724227e-01
8.679279279279278853e+03 4.384975029907950961e-01
8.689189189189190074e+03 4.375680036891207991e-01
8.699099099099099476e+03 4.366441154745160369e-01
8.709009009009008878e+03 4.357258745959668444e-01
8.718918918918920099e+03 4.348133171546364473e-01
8.728828828828827682e+03 4.339064791026546186e-01
8.738738738738738903e+03 4.330053962419287417e-01
8.748648648648648305e+03 4.321101042229868461e-01
8.758558558558557706e+03 4.312206385438435152e-01
8.768468468468468927e+03 4.303370345488937709e-01
8.778378378378378329e+03 4.294593274278327155e-01
8.788288288288287731e+03 4.285875522146000982e-01
8.798198198198198952e+03 4.277217437863509164e-01
8.808108108108108354e+03 4.268619368624506638e-01
8.818018018018017756e+03 4.260081660034961137e-01
8.827927927927928977e+03 4.251604656103591395e-01
8.837837837837836560e+03 4.243188699232567918e-01
8.847747747747747781e+03 4.234834130208422476e-01
8.857657657657659001e+03 4.226541288193237933e-01
8.867567567567566584e+03 4.218310510716030692e-01
8.877477477477477805e+03 4.210142133664375730e-01
8.887387387387387207e+03 4.202036491276283647e-01
8.897297297297296609e+03 4.193993916132265909e-01
8.907207207207207830e+03 4.186014739147658759e-01
8.917117117117117232e+03 4.178099289565135877e-01
8.927027027027026634e+03 4.170247894947455292e-01
8.936936936936937855e+03 4.162460881170427229e-01
8.946846846846847257e+03 4.154738572416085685e-01
8.956756756756756658e+03 4.147081291166059835e-01
8.966666666666667879e+03 4.139489358195178603e-01
8.976576576576575462e+03 4.131963092565257845e-01
8.986486486486486683e+03 4.124502811619091269e-01
8.996396396396396085e+03 4.117108830974662292e-01
9.006306306306305487e+03 4.109781464519530747e-01
9.016216216216216708e+03 4.102521024405413330e-01
9.026126126126126110e+03 4.095327821042987204e-01
9.036036036036035512e+03 4.088202163096842368e-01
9.045945945945946733e+03 4.081144357480650520e-01
9.055855855855856134e+03 4.074154709352505455e-01
9.065765765765765536e+03 4.067233522110462740e-01
9.075675675675676757e+03 4.060381097388234828e-01
9.085585585585584340e+03 4.053597735051091555e-01
9.095495495495495561e+03 4.044085436750525231e-01
9.105405405405406782e+03 4.037001536944152535e-01
9.115315315315314365e+03 4.029937731158719227e-01
9.125225225225225586e+03 4.022893940643196276e-01
9.135135135135134988e+03 4.015870087040264713e-01
9.145045045045044390e+03 4.008866092383907564e-01
9.154954954954955610e+03 4.001881879097046735e-01
9.164864864864865012e+03 3.994917369989178235e-01
9.174774774774774414e+03 3.987972488254034054e-01
9.184684684684685635e+03 3.981047157467250130e-01
9.194594594594595037e+03 3.974141301584071528e-01
9.204504504504504439e+03 3.967254844937042613e-01
9.214414414414415660e+03 3.960387712233747193e-01
9.224324324324323243e+03 3.953539828554543667e-01
9.234234234234234464e+03 3.946711119350310715e-01
9.244144144144143866e+03 3.939901510440241283e-01
9.254054054054053267e+03 3.933110928009610485e-01
9.263963963963964488e+03 3.926339298607588457e-01
9.273873873873873890e+03 3.919586549145064325e-01
9.283783783783783292e+03 3.912852606892470164e-01
9.293693693693694513e+03 3.906137399477629391e-01
9.303603603603603915e+03 3.899440854883646224e-01
9.313513513513513317e+03 3.892762901446749635e-01
9.323423423423424538e+03 3.886103467854218896e-01
9.333333333333332121e+03 3.879462483142273044e-01
9.343243243243243342e+03 3.872839876694003647e-01
9.353153153153152743e+03 3.866235578237319226e-01
9.363063063063062145e+03 3.859649517842887456e-01
9.372972972972973366e+03 3.853081625922106790e-01
9.382882882882882768e+03 3.846531833225093622e-01
9.392792792792792170e+03 3.840000070838669455e-01
9.402702702702703391e+03 3.833486270184373046e-01
9.412612612612612793e+03 3.826990363016494756e-01
9.422522522522522195e+03 3.820512281420096468e-01
9.432432432432433416e+03 3.814051957809075355e-01
9.442342342342342818e+03 3.807609324924220440e-01
9.452252252252252219e+03 3.801184315831300231e-01
9.462162162162163440e+03 3.794776863919141485e-01
9.472072072072071023e+03 3.788386902897750153e-01
9.481981981981982244e+03 3.782014366796404570e-01
9.491891891891891646e+03 3.775659189961813600e-01
9.501801801801801048e+03 3.769321307056238690e-01
9.511711711711712269e+03 3.763000653055662004e-01
9.521621621621621671e+03 3.756697163247950666e-01
9.531531531531531073e+03 3.750410773231038775e-01
9.541441441441442294e+03 3.744141418911120511e-01
9.551351351351351695e+03 3.737889036500858797e-01
9.561261261261261097e+03 3.731653562517605605e-01
9.571171171171172318e+03 3.725434933781619495e-01
9.581081081081079901e+03 3.719233087414335892e-01
9.590990990990991122e+03 3.713047960836584060e-01
9.600900900900900524e+03 3.706879491766889578e-01
9.610810810810809926e+03 3.700727618219734616e-01
9.620720720720721147e+03 3.694592278503847638e-01
9.630630630630630549e+03 3.688473411220513642e-01
9.640540540540539951e+03 3.682370955261879408e-01
9.650450450450451171e+03 3.676284849809284272e-01
9.660360360360360573e+03 3.670215034331597015e-01
9.670270270270269975e+03 3.664161448583553304e-01
9.680180180180181196e+03 3.658124032604127551e-01
9.690090090090088779e+03 3.652102726714898107e-01
9.700000000000000000e+03 3.646097471518418009e-01
9.709909909909911221e+03 3.640108207896626258e-01
9.719819819819818804e+03 3.634134877009236875e-01
9.729729729729730025e+03 3.628177420292146294e-01
9.739639639639639427e+03 3.622235779455877935e-01
9.749549549549548829e+03 3.616309896483997366e-01
9.759459459459460049e+03 3.610399713631565755e-01
9.769369369369369451e+03 3.604505173423600550e-01
9.779279279279278853e+03 3.598626218653524500e-01
9.789189189189190074e+03 3.592762792381660741e-01
9.799099099099099476e+03 3.586914837933707911e-01
9.809009009009008878e+03 3.581082298899239680e-01
9.818918918918920099e+03 3.575265119130211500e-01
9.828828828828827682e+03 3.569463242739474573e-01
9.838738738738738903e+03 3.563676614099304252e-01
9.848648648648648305e+03 3.557905177839936761e-01
9.858558558558557706e+03 3.552148878848114255e-01
9.868468468468468927e+03 3.546407662265632643e-01
9.878378378378378329e+03 3.540681473487926612e-01
9.888288288288287731e+03 3.534970258162620227e-01
9.898198198198198952e+03 3.529273962188129166e-01
9.908108108108108354e+03 3.523592531712241294e-01
9.918018018018017756e+03 3.517925913130724447e-01
9.927927927927928977e+03 3.512274053085942538e-01
9.937837837837836560e+03 3.506636898465473329e-01
9.947747747747747781e+03 3.501014396400726758e-01
9.957657657657659001e+03 3.495406494265607122e-01
9.967567567567566584e+03 3.489813139675144171e-01
9.977477477477477805e+03 3.484234280484149182e-01
9.987387387387387207e+03 3.478669864785895460e-01
9.997297297297296609e+03 3.473119840910772194e-01
1.000720720720720783e+04 3.467584157424985492e-01
1.001711711711711723e+04 3.462062763129243881e-01
1.002702702702702663e+04 3.456555607057451573e-01
1.003693693693693785e+04 3.451062638475422273e-01
1.004684684684684726e+04 3.445583806879604638e-01
1.005675675675675666e+04 3.440119061995798866e-01
1.006666666666666788e+04 3.434668353777882155e-01
1.007657657657657546e+04 3.429231632406571362e-01
1.008648648648648668e+04 3.423808848288154572e-01
1.009639639639639609e+04 3.418399952053263746e-01
1.010630630630630549e+04 3.413004894555626278e-01
1.011621621621621671e+04 3.407623626870850964e-01
1.012612612612612611e+04 3.402256100295207308e-01
1.013603603603603551e+04 3.396902266344414278e-01
1.014594594594594673e+04 3.391562076752435151e-01
1.015585585585585613e+04 3.386235483470290131e-01
1.016576576576576554e+04 3.380922438664865637e-01
1.017567567567567676e+04 3.375622894717733580e-01
1.018558558558558434e+04 3.370336804223983962e-01
1.019549549549549556e+04 3.365064119991056923e-01
1.020540540540540678e+04 3.359804795037591441e-01
1.021531531531531436e+04 3.354558782592271804e-01
1.022522522522522559e+04 3.349326036092685754e-01
1.023513513513513499e+04 3.344106509184192055e-01
1.024504504504504439e+04 3.338900155718795282e-01
1.025495495495495561e+04 3.333706929754021719e-01
1.026486486486486501e+04 3.328526785551808032e-01
1.027477477477477441e+04 3.323359677577399363e-01
1.028468468468468564e+04 3.318205560498241891e-01
1.029459459459459504e+04 3.313064389182901470e-01
1.030450450450450444e+04 3.307936118699968953e-01
1.031441441441441566e+04 3.302820704316992706e-01
1.032432432432432324e+04 3.297718101499401144e-01
1.033423423423423446e+04 3.292628265909435248e-01
1.034414414414414387e+04 3.287551153405098292e-01
1.035405405405405327e+04 3.282486720039106132e-01
1.036396396396396449e+04 3.277434922057830269e-01
1.037387387387387389e+04 3.272395715900280333e-01
1.038378378378378329e+04 3.267369058197050480e-01
1.039369369369369451e+04 3.262354905769315194e-01
1.040360360360360391e+04 3.257353215627797893e-01
1.041351351351351332e+04 3.252363944971765064e-01
1.042342342342342454e+04 3.247387051188017071e-01
1.043333333333333212e+04 3.242422491849898947e-01
1.044324324324324334e+04 3.237470224716287315e-01
1.045315315315315274e+04 3.232530207730628935e-01
1.046306306306306215e+04 3.227602399019944279e-01
1.047297297297297337e+04 3.222686756893853866e-01
1.048288288288288277e+04 3.217783239843620691e-01
1.049279279279279217e+04 3.212891806541173234e-01
1.050270270270270339e+04 3.208012415838162879e-01
1.051261261261261279e+04 3.203145026765007453e-01
1.052252252252252219e+04 3.198289598529944211e-01
1.053243243243243342e+04 3.193446090518095026e-01
1.054234234234234282e+04 3.188614462290537688e-01
1.055225225225225222e+04 3.183794673583374424e-01
1.056216216216216344e+04 3.178986684306808197e-01
1.057207207207207102e+04 3.174190454544232876e-01
1.058198198198198224e+04 3.169405944551321741e-01
1.059189189189189165e+04 3.164633114755123766e-01
1.060180180180180105e+04 3.159871925753165445e-01
1.061171171171171227e+04 3.155122338312553731e-01
1.062162162162162167e+04 3.150384313369096745e-01
1.063153153153153107e+04 3.145657812026415590e-01
1.064144144144144229e+04 3.140942795555065059e-01
1.065135135135135170e+04 3.136239225391677099e-01
1.066126126126126110e+04 3.131547063138076514e-01
1.067117117117117232e+04 3.126866270560433314e-01
1.068108108108107990e+04 3.122196809588400623e-01
1.069099099099099112e+04 3.117538642314268138e-01
1.070090090090090052e+04 3.112891730992121131e-01
1.071081081081080993e+04 3.108256038036990021e-01
1.072072072072072115e+04 3.103631526024027143e-01
1.073063063063063055e+04 3.099018157687671304e-01
1.074054054054053995e+04 3.094415895920826221e-01
1.075045045045045117e+04 3.089824703774034509e-01
1.076036036036036057e+04 3.085244544454678328e-01
1.077027027027026998e+04 3.080675381326154483e-01
1.078018018018018120e+04 3.076117177907076727e-01
1.079009009009008878e+04 3.071569897870477517e-01
1.080000000000000000e+04 3.067033505043009756e-01
1.080990990990991122e+04 3.062507963404162425e-01
1.081981981981981880e+04 3.057993237085467886e-01
1.082972972972973002e+04 3.053489290369726938e-01
1.083963963963963943e+04 3.048996087690234447e-01
1.084954954954954883e+04 3.044513593630001069e-01
1.085945945945946005e+04 3.040041772920994423e-01
1.086936936936936945e+04 3.035580590443375804e-01
1.087927927927927885e+04 3.031130011224740239e-01
1.088918918918919007e+04 3.026690000439368200e-01
1.089909909909909948e+04 3.022260523407470645e-01
1.090900900900900888e+04 3.017841545594456276e-01
1.091891891891892010e+04 3.013433032610179363e-01
1.092882882882882768e+04 3.009034950208221426e-01
1.093873873873873890e+04 3.004647264285137953e-01
1.094864864864864830e+04 3.000269940879759512e-01
1.095855855855855771e+04 2.995902946172451231e-01
1.096846846846846893e+04 2.991546246484400040e-01
1.097837837837837833e+04 2.987199808276905233e-01
1.098828828828828773e+04 2.982863598150668483e-01
1.099819819819819895e+04 2.978537582845083853e-01
1.100810810810810835e+04 2.974221729237547795e-01
1.101801801801801776e+04 2.969916004342753046e-01
1.102792792792792898e+04 2.965620375312003065e-01
1.103783783783783656e+04 2.961334809432524806e-01
1.104774774774774778e+04 2.957059274126772608e-01
1.105765765765765900e+04 2.952793736951769832e-01
1.106756756756756658e+04 2.948538165598414418e-01
1.107747747747747781e+04 2.944292527890814415e-01
1.108738738738738721e+04 2.940056791785620738e-01
1.109729729729729661e+04 2.935830925371366029e-01
1.110720720720720783e+04 2.931614896867794640e-01
1.111711711711711723e+04 2.927408674625218143e-01
1.112702702702702663e+04 2.923212227123855866e-01
1.113693693693693785e+04 2.919025522973189846e-01
1.114684684684684726e+04 2.914848530911318680e-01
1.115675675675675666e+04 2.910681219804319153e-01
1.116666666666666788e+04 2.906523558645603411e-01
1.117657657657657546e+04 2.902375516555297796e-01
1.118648648648648668e+04 2.898237062779596140e-01
1.119639639639639609e+04 2.894108166690148032e-01
1.120630630630630549e+04 2.889988797783433760e-01
1.121621621621621671e+04 2.885878925680139817e-01
1.122612612612612611e+04 2.881778520124549936e-01
1.123603603603603551e+04 2.877687550983928366e-01
1.124594594594594673e+04 2.873605988247922571e-01
1.125585585585585613e+04 2.869533802027944280e-01
1.126576576576576554e+04 2.865470962556582180e-01
1.127567567567567676e+04 2.861417440186991845e-01
1.128558558558558434e+04 2.857373205392316762e-01
1.129549549549549556e+04 2.853338228765082141e-01
1.130540540540540496e+04 2.849312481016622600e-01
1.131531531531531618e+04 2.845295932976487085e-01
1.132522522522522559e+04 2.841288555591868215e-01
1.133513513513513499e+04 2.837290319927013305e-01
1.134504504504504439e+04 2.833301197162664264e-01
1.135495495495495561e+04 2.829321158595479724e-01
1.136486486486486501e+04 2.825350175637472150e-01
1.137477477477477441e+04 2.821388219815437193e-01
1.138468468468468382e+04 2.817435262770399129e-01
1.139459459459459504e+04 2.813491276257055196e-01
1.140450450450450444e+04 2.809556232143218812e-01
1.141441441441441384e+04 2.805630102409265580e-01
1.142432432432432506e+04 2.801712859147590384e-01
1.143423423423423446e+04 2.797804474562065047e-01
1.144414414414414387e+04 2.793904920967488770e-01
1.145405405405405327e+04 2.790014170789055226e-01
1.146396396396396449e+04 2.786132196561819097e-01
1.147387387387387389e+04 2.782258970930159281e-01
1.148378378378378329e+04 2.778394466647252647e-01
1.149369369369369451e+04 2.774538656574546125e-01
1.150360360360360391e+04 2.770691513681236007e-01
1.151351351351351332e+04 2.766853011043747257e-01
1.152342342342342272e+04 2.763023121845212815e-01
1.153333333333333394e+04 2.759201819374962339e-01
1.154324324324324334e+04 2.755389077028016498e-01
1.155315315315315274e+04 2.751584868304562392e-01
1.156306306306306396e+04 2.747789166809466166e-01
1.157297297297297337e+04 2.744001946251758972e-01
1.158288288288288277e+04 2.740223180444142370e-01
1.159279279279279217e+04 2.736452843302490390e-01
1.160270270270270339e+04 2.732690908845347710e-01
1.161261261261261279e+04 2.728937351193452820e-01
1.162252252252252219e+04 2.725192144569239527e-01
1.163243243243243160e+04 2.721455263296349569e-01
1.164234234234234282e+04 2.717726681799155775e-01
1.165225225225225222e+04 2.714006374602279115e-01
1.166216216216216162e+04 2.710294316330107978e-01
1.167207207207207284e+04 2.706590481706326878e-01
1.168198198198198224e+04 2.702894845553443504e-01
1.169189189189189165e+04 2.699207382792317977e-01
1.170180180180180105e+04 2.695528068441694347e-01
1.171171171171171227e+04 2.691856877617738730e-01
1.172162162162162167e+04 2.688193785533576352e-01
1.173153153153153107e+04 2.684538767498831913e-01
1.174144144144144229e+04 2.680891798919172730e-01
1.175135135135135170e+04 2.677252855295855771e-01
1.176126126126126110e+04 2.673621912225274122e-01
1.177117117117117050e+04 2.669998945398507351e-01
1.178108108108108172e+04 2.666383930600877972e-01
1.179099099099099112e+04 2.662776843711502917e-01
1.180090090090090052e+04 2.659177660702856660e-01
1.181081081081081174e+04 2.655586357640328243e-01
1.182072072072072115e+04 2.652002910681785508e-01
1.183063063063063055e+04 2.648427296077139892e-01
1.184054054054053995e+04 2.644859490167915106e-01
1.185045045045045117e+04 2.641299469386818588e-01
1.186036036036036057e+04 2.637747210257312958e-01
1.187027027027026998e+04 2.634202689393188579e-01
1.188018018018017938e+04 2.630665883498146673e-01
1.189009009009009060e+04 2.627136769365374658e-01
1.190000000000000000e+04 2.623615323877128147e-01
1.190990990990990940e+04 2.620101524004318505e-01
1.191981981981982062e+04 2.616595346806095956e-01
1.192972972972973002e+04 2.613096769429443800e-01
1.193963963963963943e+04 2.609605769108758744e-01
1.194954954954954883e+04 2.606122323165457888e-01
1.195945945945946005e+04 2.602646409007564055e-01
1.196936936936936945e+04 2.599178004129309438e-01
1.197927927927927885e+04 2.595717086110731486e-01
1.198918918918919007e+04 2.592263632617278768e-01
1.199909909909909948e+04 2.588817621399413516e-01
1.200900900900900888e+04 2.585379030292218050e-01
1.201891891891891828e+04 2.581947837215002872e-01
1.202882882882882950e+04 2.578524020170919195e-01
1.203873873873873890e+04 2.575107557246572587e-01
1.204864864864864830e+04 2.571698426611633281e-01
1.205855855855855771e+04 2.568296606518459813e-01
1.206846846846846893e+04 2.564902075301711548e-01
1.207837837837837833e+04 2.561514811377976208e-01
1.208828828828828773e+04 2.558134793245387950e-01
1.209819819819819895e+04 2.554761999483256552e-01
1.210810810810810835e+04 2.551396408751695488e-01
1.211801801801801776e+04 2.548037999791241681e-01
1.212792792792792716e+04 2.544686751422502446e-01
1.213783783783783838e+04 2.541342642545776354e-01
1.214774774774774778e+04 2.538005652140694068e-01
1.215765765765765718e+04 2.534675759265855866e-01
1.216756756756756840e+04 2.531352943058464700e-01
1.217747747747747781e+04 2.528037182733980370e-01
1.218738738738738721e+04 2.524728457585749819e-01
1.219729729729729661e+04 2.521426746984653522e-01
1.220720720720720783e+04 2.518132030378763542e-01
1.221711711711711723e+04 2.514844287292979930e-01
1.222702702702702663e+04 2.511563497328689332e-01
1.223693693693693785e+04 2.508289640163409717e-01
1.224684684684684726e+04 2.505022695550455647e-01
1.225675675675675666e+04 2.501762643318585777e-01
1.226666666666666606e+04 2.498509463371663686e-01
1.227657657657657728e+04 2.495263135688315925e-01
1.228648648648648668e+04 2.492023640321602007e-01
1.229639639639639609e+04 2.488790957398667458e-01
1.230630630630630549e+04 2.485565067120413252e-01
1.231621621621621671e+04 2.482345949761164960e-01
1.232612612612612611e+04 2.479133585668341355e-01
1.233603603603603551e+04 2.475927955262121061e-01
1.234594594594594673e+04 2.472729039035118648e-01
1.235585585585585613e+04 2.469536817552057117e-01
1.236576576576576554e+04 2.466351271449446769e-01
1.237567567567567494e+04 2.463172381435260738e-01
1.238558558558558616e+04 2.460000128288609422e-01
1.239549549549549556e+04 2.456834492859430452e-01
1.240540540540540496e+04 2.453675456068168670e-01
1.241531531531531618e+04 2.450522998905452776e-01
1.242522522522522559e+04 2.447377102431793072e-01
1.243513513513513499e+04 2.444237747777262548e-01
1.244504504504504439e+04 2.441104916141184078e-01
1.245495495495495561e+04 2.437978588791827605e-01
1.246486486486486501e+04 2.434858747066099005e-01
1.247477477477477441e+04 2.431745372369235880e-01
1.248468468468468382e+04 2.428638446174500032e-01
1.249459459459459504e+04 2.425537950022877698e-01
1.250450450450450444e+04 2.422443865522779516e-01
1.251441441441441384e+04 2.419356174349739652e-01
1.252432432432432506e+04 2.416274858246116319e-01
1.253423423423423446e+04 2.413199899020797012e-01
1.254414414414414387e+04 2.410131278548906797e-01
1.255405405405405327e+04 2.407068978771507439e-01
1.256396396396396449e+04 2.404012981695312079e-01
1.257387387387387389e+04 2.400963269392395183e-01
1.258378378378378329e+04 2.397919823999899724e-01
1.259369369369369451e+04 2.394882627719751300e-01
1.260360360360360391e+04 2.391851662818375857e-01
1.261351351351351332e+04 2.388826911626411587e-01
1.262342342342342272e+04 2.385808356538427766e-01
1.263333333333333394e+04 2.382795980012641368e-01
1.264324324324324334e+04 2.379789764570642008e-01
1.265315315315315274e+04 2.376789692797109110e-01
1.266306306306306396e+04 2.373795747339536577e-01
1.267297297297297337e+04 2.370807910907957727e-01
1.268288288288288277e+04 2.367826166274671351e-01
1.269279279279279217e+04 2.364850496273966929e-01
1.270270270270270339e+04 2.361880883801855124e-01
1.271261261261261279e+04 2.358917311815799944e-01
1.272252252252252219e+04 2.355959763334444235e-01
1.273243243243243160e+04 2.353008221437350445e-01
1.274234234234234282e+04 2.350062669264728621e-01
1.275225225225225222e+04 2.347123090017174674e-01
1.276216216216216162e+04 2.344189466955407253e-01
1.277207207207207284e+04 2.341261783400004903e-01
1.278198198198198224e+04 2.338340022731149326e-01
1.279189189189189165e+04 2.335424168388360588e-01
1.280180180180180105e+04 2.332514203870247327e-01
1.281171171171171227e+04 2.329610112734238625e-01
1.282162162162162167e+04 2.326711878596344207e-01
1.283153153153153107e+04 2.323819485130886042e-01
1.284144144144144229e+04 2.320932916070257701e-01
1.285135135135135170e+04 2.318052155204666231e-01
1.286126126126126110e+04 2.315177186381882635e-01
1.287117117117117050e+04 2.312307993506995674e-01
1.288108108108108172e+04 2.309444560542165403e-01
1.289099099099099112e+04 2.306586871506375036e-01
1.290090090090090052e+04 2.303734910475184472e-01
1.291081081081081174e+04 2.300888661580490213e-01
1.292072072072072115e+04 2.298048109010281392e-01
1.293063063063063055e+04 2.295213237008398854e-01
1.294054054054053995e+04 2.292384029874295903e-01
1.295045045045045117e+04 2.289560471962797106e-01
1.296036036036036057e+04 2.286742547683865423e-01
1.297027027027026998e+04 2.283930241502361846e-01
1.298018018018017938e+04 2.281123537937808643e-01
1.299009009009009060e+04 2.278322421564163980e-01
1.300000000000000000e+04 2.275526877009581839e-01
