# Storey and Sochi 2015, MNRAS, 446, 2, 11: Emission and recombination coefficients for hydrogen with κ-distributed electron energies
# Downloaded from: https://raw.githubusercontent.com/mischaschirmer/nebular/master/data/HI_CaseB_emissionlines_storey2015.dat
# Eliminated the transitions that I don't need
# SS2015: https://academic.oup.com/mnras/article/446/2/1864/2893035
Nu	Nl	log(T)	log(ne)	emissivity
3	2	2	2	1.66100E-23
3	2	2	3	1.86100E-23
3	2	2	4	2.27500E-23
3	2	2	5	3.20000E-23
3	2	2	6	5.54700E-23
3	2	2.1	2	1.37100E-23
3	2	2.1	3	1.50100E-23
3	2	2.1	4	1.76700E-23
3	2	2.1	5	2.34200E-23
3	2	2.1	6	3.72400E-23
3	2	2.2	2	1.13100E-23
3	2	2.2	3	1.21100E-23
3	2	2.2	4	1.37200E-23
3	2	2.2	5	1.71400E-23
3	2	2.2	6	2.50000E-23
3	2	2.3	2	9.40400E-24
3	2	2.3	3	9.92200E-24
3	2	2.3	4	1.09600E-23
3	2	2.3	5	1.31300E-23
3	2	2.3	6	1.79500E-23
3	2	2.4	2	7.82000E-24
3	2	2.4	3	8.12900E-24
3	2	2.4	4	8.75800E-24
3	2	2.4	5	1.00600E-23
3	2	2.4	6	1.28900E-23
3	2	2.5	2	6.52200E-24
3	2	2.5	3	6.71900E-24
3	2	2.5	4	7.12200E-24
3	2	2.5	5	7.95300E-24
3	2	2.5	6	9.72700E-24
3	2	2.6	2	5.44000E-24
3	2	2.6	3	5.55300E-24
3	2	2.6	4	5.79100E-24
3	2	2.6	5	6.28700E-24
3	2	2.6	6	7.34000E-24
3	2	2.7	2	4.53600E-24
3	2	2.7	3	4.60600E-24
3	2	2.7	4	4.75500E-24
3	2	2.7	5	5.07000E-24
3	2	2.7	6	5.73500E-24
3	2	2.8	2	3.78200E-24
3	2	2.8	3	3.82100E-24
3	2	2.8	4	3.90500E-24
3	2	2.8	5	4.08800E-24
3	2	2.8	6	4.48100E-24
3	2	2.9	2	3.14600E-24
3	2	2.9	3	3.16900E-24
3	2	2.9	4	3.22000E-24
3	2	2.9	5	3.33300E-24
3	2	2.9	6	3.58000E-24
3	2	3	2	2.61700E-24
3	2	3	3	2.62800E-24
3	2	3	4	2.65500E-24
3	2	3	5	2.71800E-24
3	2	3	6	2.86000E-24
3	2	3.1	2	2.16900E-24
3	2	3.1	3	2.17400E-24
3	2	3.1	4	2.18900E-24
3	2	3.1	5	2.22700E-24
3	2	3.1	6	2.31400E-24
3	2	3.2	2	1.79700E-24
3	2	3.2	3	1.79800E-24
3	2	3.2	4	1.80500E-24
3	2	3.2	5	1.82400E-24
3	2	3.2	6	1.87200E-24
3	2	3.3	2	1.48100E-24
3	2	3.3	3	1.48100E-24
3	2	3.3	4	1.48400E-24
3	2	3.3	5	1.49500E-24
3	2	3.3	6	1.52300E-24
3	2	3.4	2	1.22000E-24
3	2	3.4	3	1.22000E-24
3	2	3.4	4	1.22000E-24
3	2	3.4	5	1.22500E-24
3	2	3.4	6	1.23900E-24
3	2	3.5	2	9.99500E-25
3	2	3.5	3	9.99000E-25
3	2	3.5	4	9.98600E-25
3	2	3.5	5	1.00100E-24
3	2	3.5	6	1.00800E-24
3	2	3.6	2	8.18800E-25
3	2	3.6	3	8.18100E-25
3	2	3.6	4	8.17400E-25
3	2	3.6	5	8.17500E-25
3	2	3.6	6	8.20600E-25
3	2	3.7	2	6.66200E-25
3	2	3.7	3	6.65600E-25
3	2	3.7	4	6.64900E-25
3	2	3.7	5	6.64600E-25
3	2	3.7	6	6.65900E-25
3	2	3.8	2	5.42000E-25
3	2	3.8	3	5.41600E-25
3	2	3.8	4	5.40900E-25
3	2	3.8	5	5.40300E-25
3	2	3.8	6	5.40400E-25
3	2	3.9	2	4.38600E-25
3	2	3.9	3	4.38300E-25
3	2	3.9	4	4.37800E-25
3	2	3.9	5	4.37200E-25
3	2	3.9	6	4.37000E-25
3	2	4	2	3.53600E-25
3	2	4	3	3.53400E-25
3	2	4	4	3.53000E-25
3	2	4	5	3.52600E-25
3	2	4	6	3.52200E-25
3	2	4.1	2	2.84000E-25
3	2	4.1	3	2.83800E-25
3	2	4.1	4	2.83600E-25
3	2	4.1	5	2.83300E-25
3	2	4.1	6	2.83000E-25
3	2	4.2	2	2.27200E-25
3	2	4.2	3	2.27100E-25
3	2	4.2	4	2.27000E-25
3	2	4.2	5	2.26700E-25
3	2	4.2	6	2.26500E-25
3	2	4.3	2	1.81100E-25
3	2	4.3	3	1.81000E-25
3	2	4.3	4	1.80900E-25
3	2	4.3	5	1.80800E-25
3	2	4.3	6	1.80600E-25
3	2	4.4	2	1.43800E-25
3	2	4.4	3	1.43800E-25
3	2	4.4	4	1.43700E-25
3	2	4.4	5	1.43600E-25
3	2	4.4	6	1.43500E-25
4	2	2	2	3.59400E-24
4	2	2	3	4.33000E-24
4	2	2	4	5.76700E-24
4	2	2	5	8.88900E-24
4	2	2	6	1.68500E-23
4	2	2.1	2	3.01500E-24
4	2	2.1	3	3.53000E-24
4	2	2.1	4	4.50400E-24
4	2	2.1	5	6.51600E-24
4	2	2.1	6	1.13100E-23
4	2	2.2	2	2.53000E-24
4	2	2.2	3	2.87800E-24
4	2	2.2	4	3.51700E-24
4	2	2.2	5	4.77700E-24
4	2	2.2	6	7.58500E-24
4	2	2.3	2	2.14800E-24
4	2	2.3	3	2.39400E-24
4	2	2.3	4	2.83500E-24
4	2	2.3	5	3.67500E-24
4	2	2.3	6	5.45100E-24
4	2	2.4	2	1.82300E-24
4	2	2.4	3	1.99100E-24
4	2	2.4	4	2.28500E-24
4	2	2.4	5	2.82700E-24
4	2	2.4	6	3.91700E-24
4	2	2.5	2	1.55800E-24
4	2	2.5	3	1.67700E-24
4	2	2.5	4	1.88200E-24
4	2	2.5	5	2.25100E-24
4	2	2.5	6	2.96500E-24
4	2	2.6	2	1.33100E-24
4	2	2.6	3	1.41200E-24
4	2	2.6	4	1.55000E-24
4	2	2.6	5	1.79200E-24
4	2	2.6	6	2.24400E-24
4	2	2.7	2	1.14000E-24
4	2	2.7	3	1.19700E-24
4	2	2.7	4	1.29300E-24
4	2	2.7	5	1.46000E-24
4	2	2.7	6	1.76200E-24
4	2	2.8	2	9.76300E-25
4	2	2.8	3	1.01500E-24
4	2	2.8	4	1.07900E-24
4	2	2.8	5	1.18900E-24
4	2	2.8	6	1.38400E-24
4	2	2.9	2	8.35300E-25
4	2	2.9	3	8.62200E-25
4	2	2.9	4	9.06900E-25
4	2	2.9	5	9.82800E-25
4	2	2.9	6	1.11500E-24
4	2	3	2	7.14700E-25
4	2	3	3	7.32400E-25
4	2	3	4	7.62300E-25
4	2	3	5	8.12300E-25
4	2	3	6	8.97600E-25
4	2	3.1	2	6.09200E-25
4	2	3.1	3	6.21400E-25
4	2	3.1	4	6.41900E-25
4	2	3.1	5	6.76200E-25
4	2	3.1	6	7.33900E-25
4	2	3.2	2	5.19300E-25
4	2	3.2	3	5.27200E-25
4	2	3.2	4	5.40600E-25
4	2	3.2	5	5.62900E-25
4	2	3.2	6	6.00000E-25
4	2	3.3	2	4.39900E-25
4	2	3.3	3	4.45300E-25
4	2	3.3	4	4.54400E-25
4	2	3.3	5	4.69400E-25
4	2	3.3	6	4.94300E-25
4	2	3.4	2	3.72600E-25
4	2	3.4	3	3.76100E-25
4	2	3.4	4	3.81900E-25
4	2	3.4	5	3.91400E-25
4	2	3.4	6	4.07300E-25
4	2	3.5	2	3.13100E-25
4	2	3.5	3	3.15400E-25
4	2	3.5	4	3.19300E-25
4	2	3.5	5	3.25600E-25
4	2	3.5	6	3.36100E-25
4	2	3.6	2	2.63100E-25
4	2	3.6	3	2.64500E-25
4	2	3.6	4	2.66900E-25
4	2	3.6	5	2.70900E-25
4	2	3.6	6	2.77400E-25
4	2	3.7	2	2.18900E-25
4	2	3.7	3	2.19900E-25
4	2	3.7	4	2.21400E-25
4	2	3.7	5	2.24000E-25
4	2	3.7	6	2.28200E-25
4	2	3.8	2	1.82200E-25
4	2	3.8	3	1.82800E-25
4	2	3.8	4	1.83700E-25
4	2	3.8	5	1.85200E-25
4	2	3.8	6	1.87800E-25
4	2	3.9	2	1.50400E-25
4	2	3.9	3	1.50800E-25
4	2	3.9	4	1.51300E-25
4	2	3.9	5	1.52300E-25
4	2	3.9	6	1.53800E-25
4	2	4	2	1.23500E-25
4	2	4	3	1.23700E-25
4	2	4	4	1.24000E-25
4	2	4	5	1.24600E-25
4	2	4	6	1.25500E-25
4	2	4.1	2	1.00800E-25
4	2	4.1	3	1.00900E-25
4	2	4.1	4	1.01100E-25
4	2	4.1	5	1.01400E-25
4	2	4.1	6	1.01900E-25
4	2	4.2	2	8.17600E-26
4	2	4.2	3	8.18300E-26
4	2	4.2	4	8.19400E-26
4	2	4.2	5	8.21300E-26
4	2	4.2	6	8.24200E-26
4	2	4.3	2	6.59400E-26
4	2	4.3	3	6.59800E-26
4	2	4.3	4	6.60400E-26
4	2	4.3	5	6.61400E-26
4	2	4.3	6	6.62900E-26
4	2	4.4	2	5.28800E-26
4	2	4.4	3	5.29000E-26
4	2	4.4	4	5.29400E-26
4	2	4.4	5	5.29900E-26
4	2	4.4	6	5.30600E-26
5	2	2	2	1.45400E-24
5	2	2	3	1.77500E-24
5	2	2	4	2.41300E-24
5	2	2	5	3.82300E-24
5	2	2	6	7.52400E-24
5	2	2.1	2	1.22500E-24
5	2	2.1	3	1.45200E-24
5	2	2.1	4	1.88800E-24
5	2	2.1	5	2.80400E-24
5	2	2.1	6	5.04500E-24
5	2	2.2	2	1.03200E-24
5	2	2.2	3	1.18700E-24
5	2	2.2	4	1.47700E-24
5	2	2.2	5	2.05700E-24
5	2	2.2	6	3.38300E-24
5	2	2.3	2	8.80400E-25
5	2	2.3	3	9.91300E-25
5	2	2.3	4	1.19400E-24
5	2	2.3	5	1.58500E-24
5	2	2.3	6	2.43100E-24
5	2	2.4	2	7.51100E-25
5	2	2.4	3	8.27900E-25
5	2	2.4	4	9.65100E-25
5	2	2.4	5	1.22100E-24
5	2	2.4	6	1.74700E-24
5	2	2.5	2	6.45800E-25
5	2	2.5	3	7.00900E-25
5	2	2.5	4	7.98000E-25
5	2	2.5	5	9.74500E-25
5	2	2.5	6	1.32300E-24
5	2	2.6	2	5.55300E-25
5	2	2.6	3	5.93400E-25
5	2	2.6	4	6.59800E-25
5	2	2.6	5	7.77700E-25
5	2	2.6	6	1.00200E-24
5	2	2.7	2	4.79100E-25
5	2	2.7	3	5.06400E-25
5	2	2.7	4	5.53600E-25
5	2	2.7	5	6.35900E-25
5	2	2.7	6	7.88300E-25
5	2	2.8	2	4.13400E-25
5	2	2.8	3	4.32200E-25
5	2	2.8	4	4.64500E-25
5	2	2.8	5	5.20000E-25
5	2	2.8	6	6.20100E-25
5	2	2.9	2	3.56700E-25
5	2	2.9	3	3.70000E-25
5	2	2.9	4	3.92900E-25
5	2	2.9	5	4.31800E-25
5	2	2.9	6	5.00600E-25
5	2	3	2	3.07800E-25
5	2	3	3	3.16800E-25
5	2	3	4	3.32300E-25
5	2	3	5	3.58500E-25
5	2	3	6	4.04200E-25
5	2	3.1	2	2.64700E-25
5	2	3.1	3	2.71000E-25
5	2	3.1	4	2.81900E-25
5	2	3.1	5	3.00200E-25
5	2	3.1	6	3.31700E-25
5	2	3.2	2	2.27700E-25
5	2	3.2	3	2.31900E-25
5	2	3.2	4	2.39100E-25
5	2	3.2	5	2.51300E-25
5	2	3.2	6	2.72200E-25
5	2	3.3	2	1.94700E-25
5	2	3.3	3	1.97600E-25
5	2	3.3	4	2.02600E-25
5	2	3.3	5	2.11000E-25
5	2	3.3	6	2.25300E-25
5	2	3.4	2	1.66400E-25
5	2	3.4	3	1.68300E-25
5	2	3.4	4	1.71600E-25
5	2	3.4	5	1.77100E-25
5	2	3.4	6	1.86500E-25
5	2	3.5	2	1.41100E-25
5	2	3.5	3	1.42300E-25
5	2	3.5	4	1.44600E-25
5	2	3.5	5	1.48300E-25
5	2	3.5	6	1.54700E-25
5	2	3.6	2	1.19600E-25
5	2	3.6	3	1.20400E-25
5	2	3.6	4	1.21800E-25
5	2	3.6	5	1.24200E-25
5	2	3.6	6	1.28300E-25
5	2	3.7	2	1.00300E-25
5	2	3.7	3	1.00900E-25
5	2	3.7	4	1.01800E-25
5	2	3.7	5	1.03400E-25
5	2	3.7	6	1.06100E-25
5	2	3.8	2	8.41900E-26
5	2	3.8	3	8.45200E-26
5	2	3.8	4	8.50900E-26
5	2	3.8	5	8.60500E-26
5	2	3.8	6	8.77200E-26
5	2	3.9	2	7.00000E-26
5	2	3.9	3	7.02100E-26
5	2	3.9	4	7.05600E-26
5	2	3.9	5	7.11600E-26
5	2	3.9	6	7.22000E-26
5	2	4	2	5.78400E-26
5	2	4	3	5.79600E-26
5	2	4	4	5.81800E-26
5	2	4	5	5.85400E-26
5	2	4	6	5.91700E-26
5	2	4.1	2	4.74700E-26
5	2	4.1	3	4.75500E-26
5	2	4.1	4	4.76700E-26
5	2	4.1	5	4.78800E-26
5	2	4.1	6	4.82600E-26
5	2	4.2	2	3.87100E-26
5	2	4.2	3	3.87500E-26
5	2	4.2	4	3.88200E-26
5	2	4.2	5	3.89400E-26
5	2	4.2	6	3.91500E-26
5	2	4.3	2	3.13500E-26
5	2	4.3	3	3.13700E-26
5	2	4.3	4	3.14100E-26
5	2	4.3	5	3.14700E-26
5	2	4.3	6	3.15900E-26
5	2	4.4	2	2.52300E-26
5	2	4.4	3	2.52400E-26
5	2	4.4	4	2.52600E-26
5	2	4.4	5	2.52900E-26
5	2	4.4	6	2.53400E-26
6	2	2	2	7.62000E-25
6	2	2	3	9.33800E-25
6	2	2	4	1.27800E-24
6	2	2	5	2.05300E-24
6	2	2	6	4.18800E-24
6	2	2.1	2	6.42800E-25
6	2	2.1	3	7.64500E-25
6	2	2.1	4	1.00100E-24
6	2	2.1	5	1.50600E-24
6	2	2.1	6	2.80400E-24
6	2	2.2	2	5.42300E-25
6	2	2.2	3	6.25900E-25
6	2	2.2	4	7.83500E-25
6	2	2.2	5	1.10500E-24
6	2	2.2	6	1.87800E-24
6	2	2.3	2	4.63500E-25
6	2	2.3	3	5.23500E-25
6	2	2.3	4	6.34100E-25
6	2	2.3	5	8.51500E-25
6	2	2.3	6	1.34800E-24
6	2	2.4	2	3.96200E-25
6	2	2.4	3	4.37900E-25
6	2	2.4	4	5.13200E-25
6	2	2.4	5	6.56100E-25
6	2	2.4	6	9.67300E-25
6	2	2.5	2	3.41400E-25
6	2	2.5	3	3.71500E-25
6	2	2.5	4	4.25000E-25
6	2	2.5	5	5.24100E-25
6	2	2.5	6	7.31800E-25
6	2	2.6	2	2.94200E-25
6	2	2.6	3	3.15100E-25
6	2	2.6	4	3.51900E-25
6	2	2.6	5	4.18600E-25
6	2	2.6	6	5.53700E-25
6	2	2.7	2	2.54500E-25
6	2	2.7	3	2.69600E-25
6	2	2.7	4	2.95800E-25
6	2	2.7	5	3.42700E-25
6	2	2.7	6	4.35400E-25
6	2	2.8	2	2.20200E-25
6	2	2.8	3	2.30600E-25
6	2	2.8	4	2.48700E-25
6	2	2.8	5	2.80600E-25
6	2	2.8	6	3.42300E-25
6	2	2.9	2	1.90600E-25
6	2	2.9	3	1.98000E-25
6	2	2.9	4	2.10900E-25
6	2	2.9	5	2.33400E-25
6	2	2.9	6	2.76300E-25
6	2	3	2	1.64900E-25
6	2	3	3	1.70000E-25
6	2	3	4	1.78800E-25
6	2	3	5	1.94100E-25
6	2	3	6	2.23100E-25
6	2	3.1	2	1.42300E-25
6	2	3.1	3	1.45900E-25
6	2	3.1	4	1.52100E-25
6	2	3.1	5	1.62900E-25
6	2	3.1	6	1.83100E-25
6	2	3.2	2	1.22800E-25
6	2	3.2	3	1.25200E-25
6	2	3.2	4	1.29400E-25
6	2	3.2	5	1.36700E-25
6	2	3.2	6	1.50300E-25
6	2	3.3	2	1.05400E-25
6	2	3.3	3	1.07000E-25
6	2	3.3	4	1.09900E-25
6	2	3.3	5	1.15000E-25
6	2	3.3	6	1.24500E-25
6	2	3.4	2	9.04000E-26
6	2	3.4	3	9.15000E-26
6	2	3.4	4	9.34200E-26
6	2	3.4	5	9.67500E-26
6	2	3.4	6	1.03100E-25
6	2	3.5	2	7.69000E-26
6	2	3.5	3	7.76500E-26
6	2	3.5	4	7.89600E-26
6	2	3.5	5	8.12200E-26
6	2	3.5	6	8.56000E-26
6	2	3.6	2	6.54100E-26
6	2	3.6	3	6.58900E-26
6	2	3.6	4	6.67300E-26
6	2	3.6	5	6.81900E-26
6	2	3.6	6	7.10700E-26
6	2	3.7	2	5.50400E-26
6	2	3.7	3	5.53600E-26
6	2	3.7	4	5.59200E-26
6	2	3.7	5	5.68900E-26
6	2	3.7	6	5.88400E-26
6	2	3.8	2	4.63200E-26
6	2	3.8	3	4.65100E-26
6	2	3.8	4	4.68600E-26
6	2	3.8	5	4.74600E-26
6	2	3.8	6	4.87100E-26
6	2	3.9	2	3.86200E-26
6	2	3.9	3	3.87400E-26
6	2	3.9	4	3.89500E-26
6	2	3.9	5	3.93300E-26
6	2	3.9	6	4.01300E-26
6	2	4	2	3.19800E-26
6	2	4	3	3.20600E-26
6	2	4	4	3.21900E-26
6	2	4	5	3.24200E-26
6	2	4	6	3.29200E-26
6	2	4.1	2	2.63100E-26
6	2	4.1	3	2.63500E-26
6	2	4.1	4	2.64300E-26
6	2	4.1	5	2.65600E-26
6	2	4.1	6	2.68700E-26
6	2	4.2	2	2.14900E-26
6	2	4.2	3	2.15100E-26
6	2	4.2	4	2.15500E-26
6	2	4.2	5	2.16300E-26
6	2	4.2	6	2.18200E-26
6	2	4.3	2	1.74300E-26
6	2	4.3	3	1.74400E-26
6	2	4.3	4	1.74600E-26
6	2	4.3	5	1.75000E-26
6	2	4.3	6	1.76100E-26
6	2	4.4	2	1.40400E-26
6	2	4.4	3	1.40400E-26
6	2	4.4	4	1.40500E-26
6	2	4.4	5	1.40700E-26
6	2	4.4	6	1.41200E-26
6	3	2	2	4.37000E-25
6	3	2	3	5.24300E-25
6	3	2	4	6.89100E-25
6	3	2	5	1.03400E-24
6	3	2	6	1.89900E-24
6	3	2.1	2	3.65600E-25
6	3	2.1	3	4.26200E-25
6	3	2.1	4	5.36800E-25
6	3	2.1	5	7.57000E-25
6	3	2.1	6	1.27300E-24
6	3	2.2	2	3.05800E-25
6	3	2.2	3	3.46500E-25
6	3	2.2	4	4.18200E-25
6	3	2.2	5	5.54200E-25
6	3	2.2	6	8.52900E-25
6	3	2.3	2	2.58500E-25
6	3	2.3	3	2.86900E-25
6	3	2.3	4	3.35800E-25
6	3	2.3	5	4.25200E-25
6	3	2.3	6	6.11600E-25
6	3	2.4	2	2.18500E-25
6	3	2.4	3	2.37600E-25
6	3	2.4	4	2.69700E-25
6	3	2.4	5	3.26200E-25
6	3	2.4	6	4.38600E-25
6	3	2.5	2	1.85600E-25
6	3	2.5	3	1.98900E-25
6	3	2.5	4	2.20900E-25
6	3	2.5	5	2.58500E-25
6	3	2.5	6	3.30700E-25
6	3	2.6	2	1.57600E-25
6	3	2.6	3	1.66500E-25
6	3	2.6	4	1.80900E-25
6	3	2.6	5	2.04900E-25
6	3	2.6	6	2.49400E-25
6	3	2.7	2	1.33900E-25
6	3	2.7	3	1.40000E-25
6	3	2.7	4	1.49800E-25
6	3	2.7	5	1.65800E-25
6	3	2.7	6	1.94800E-25
6	3	2.8	2	1.13700E-25
6	3	2.8	3	1.17700E-25
6	3	2.8	4	1.24000E-25
6	3	2.8	5	1.34200E-25
6	3	2.8	6	1.52100E-25
6	3	2.9	2	9.61700E-26
6	3	2.9	3	9.88700E-26
6	3	2.9	4	1.03100E-25
6	3	2.9	5	1.09800E-25
6	3	2.9	6	1.21400E-25
6	3	3	2	8.13400E-26
6	3	3	3	8.30500E-26
6	3	3	4	8.57200E-26
6	3	3	5	8.98700E-26
6	3	3	6	9.69500E-26
6	3	3.1	2	6.82900E-26
6	3	3.1	3	6.94100E-26
6	3	3.1	4	7.11500E-26
6	3	3.1	5	7.38200E-26
6	3	3.1	6	7.83300E-26
6	3	3.2	2	5.73300E-26
6	3	3.2	3	5.80100E-26
6	3	3.2	4	5.90600E-26
6	3	3.2	5	6.06400E-26
6	3	3.2	6	6.32900E-26
6	3	3.3	2	4.76400E-26
6	3	3.3	3	4.80700E-26
6	3	3.3	4	4.87300E-26
6	3	3.3	5	4.97000E-26
6	3	3.3	6	5.13300E-26
6	3	3.4	2	3.95800E-26
6	3	3.4	3	3.98300E-26
6	3	3.4	4	4.02000E-26
6	3	3.4	5	4.07400E-26
6	3	3.4	6	4.16300E-26
6	3	3.5	2	3.24900E-26
6	3	3.5	3	3.26400E-26
6	3	3.5	4	3.28600E-26
6	3	3.5	5	3.31700E-26
6	3	3.5	6	3.36800E-26
6	3	3.6	2	2.66700E-26
6	3	3.6	3	2.67500E-26
6	3	3.6	4	2.68600E-26
6	3	3.6	5	2.70100E-26
6	3	3.6	6	2.72500E-26
6	3	3.7	2	2.16000E-26
6	3	3.7	3	2.16400E-26
6	3	3.7	4	2.17100E-26
6	3	3.7	5	2.17800E-26
6	3	3.7	6	2.19000E-26
6	3	3.8	2	1.74900E-26
6	3	3.8	3	1.75100E-26
6	3	3.8	4	1.75400E-26
6	3	3.8	5	1.75700E-26
6	3	3.8	6	1.76000E-26
6	3	3.9	2	1.40200E-26
6	3	3.9	3	1.40300E-26
6	3	3.9	4	1.40400E-26
6	3	3.9	5	1.40500E-26
6	3	3.9	6	1.40500E-26
6	3	4	2	1.11700E-26
6	3	4	3	1.11700E-26
6	3	4	4	1.11700E-26
6	3	4	5	1.11700E-26
6	3	4	6	1.11500E-26
6	3	4.1	2	8.83400E-27
6	3	4.1	3	8.83500E-27
6	3	4.1	4	8.83500E-27
6	3	4.1	5	8.82900E-27
6	3	4.1	6	8.81100E-27
6	3	4.2	2	6.94500E-27
6	3	4.2	3	6.94500E-27
6	3	4.2	4	6.94400E-27
6	3	4.2	5	6.93800E-27
6	3	4.2	6	6.92200E-27
6	3	4.3	2	5.42800E-27
6	3	4.3	3	5.42800E-27
6	3	4.3	4	5.42600E-27
6	3	4.3	5	5.42100E-27
6	3	4.3	6	5.40900E-27
6	3	4.4	2	4.22100E-27
6	3	4.4	3	4.22100E-27
6	3	4.4	4	4.21900E-27
6	3	4.4	5	4.21600E-27
6	3	4.4	6	4.20700E-27
7	2	2	2	4.59500E-25
7	2	2	3	5.63900E-25
7	2	2	4	7.75000E-25
7	2	2	5	1.26100E-24
7	2	2	6	2.73400E-24
7	2	2.1	2	3.87900E-25
7	2	2.1	3	4.61900E-25
7	2	2.1	4	6.06900E-25
7	2	2.1	5	9.24700E-25
7	2	2.1	6	1.82600E-24
7	2	2.2	2	3.27400E-25
7	2	2.2	3	3.78300E-25
7	2	2.2	4	4.75200E-25
7	2	2.2	5	6.78100E-25
7	2	2.2	6	1.21900E-24
7	2	2.3	2	2.80000E-25
7	2	2.3	3	3.16600E-25
7	2	2.3	4	3.84700E-25
7	2	2.3	5	5.22400E-25
7	2	2.3	6	8.71900E-25
7	2	2.4	2	2.39500E-25
7	2	2.4	3	2.65000E-25
7	2	2.4	4	3.11400E-25
7	2	2.4	5	4.02400E-25
7	2	2.4	6	6.23700E-25
7	2	2.5	2	2.06500E-25
7	2	2.5	3	2.25000E-25
7	2	2.5	4	2.58000E-25
7	2	2.5	5	3.21300E-25
7	2	2.5	6	4.70400E-25
7	2	2.6	2	1.78100E-25
7	2	2.6	3	1.91000E-25
7	2	2.6	4	2.13800E-25
7	2	2.6	5	2.56600E-25
7	2	2.6	6	3.54800E-25
7	2	2.7	2	1.54300E-25
7	2	2.7	3	1.63500E-25
7	2	2.7	4	1.79900E-25
7	2	2.7	5	2.10100E-25
7	2	2.7	6	2.78100E-25
7	2	2.8	2	1.33600E-25
7	2	2.8	3	1.40000E-25
7	2	2.8	4	1.51300E-25
7	2	2.8	5	1.72000E-25
7	2	2.8	6	2.18000E-25
7	2	2.9	2	1.15700E-25
7	2	2.9	3	1.20300E-25
7	2	2.9	4	1.28400E-25
7	2	2.9	5	1.43100E-25
7	2	2.9	6	1.75500E-25
7	2	3	2	1.00200E-25
7	2	3	3	1.03400E-25
7	2	3	4	1.09000E-25
7	2	3	5	1.19000E-25
7	2	3	6	1.41300E-25
7	2	3.1	2	8.65800E-26
7	2	3.1	3	8.88400E-26
7	2	3.1	4	9.27900E-26
7	2	3.1	5	9.98800E-26
7	2	3.1	6	1.15700E-25
7	2	3.2	2	7.48200E-26
7	2	3.2	3	7.63300E-26
7	2	3.2	4	7.89900E-26
7	2	3.2	5	8.38400E-26
7	2	3.2	6	9.47200E-26
7	2	3.3	2	6.42700E-26
7	2	3.3	3	6.53200E-26
7	2	3.3	4	6.71800E-26
7	2	3.3	5	7.05700E-26
7	2	3.3	6	7.82700E-26
7	2	3.4	2	5.52000E-26
7	2	3.4	3	5.59000E-26
7	2	3.4	4	5.71300E-26
7	2	3.4	5	5.94000E-26
7	2	3.4	6	6.46800E-26
7	2	3.5	2	4.70100E-26
7	2	3.5	3	4.74900E-26
7	2	3.5	4	4.83300E-26
7	2	3.5	5	4.98900E-26
7	2	3.5	6	5.35900E-26
7	2	3.6	2	4.00300E-26
7	2	3.6	3	4.03400E-26
7	2	3.6	4	4.08800E-26
7	2	3.6	5	4.19000E-26
7	2	3.6	6	4.44000E-26
7	2	3.7	2	3.37200E-26
7	2	3.7	3	3.39200E-26
7	2	3.7	4	3.42800E-26
7	2	3.7	5	3.49700E-26
7	2	3.7	6	3.67000E-26
7	2	3.8	2	2.84000E-26
7	2	3.8	3	2.85300E-26
7	2	3.8	4	2.87500E-26
7	2	3.8	5	2.91800E-26
7	2	3.8	6	3.03300E-26
7	2	3.9	2	2.37000E-26
7	2	3.9	3	2.37800E-26
7	2	3.9	4	2.39200E-26
7	2	3.9	5	2.41900E-26
7	2	3.9	6	2.49500E-26
7	2	4	2	1.96400E-26
7	2	4	3	1.96900E-26
7	2	4	4	1.97700E-26
7	2	4	5	1.99400E-26
7	2	4	6	2.04500E-26
7	2	4.1	2	1.61700E-26
7	2	4.1	3	1.61900E-26
7	2	4.1	4	1.62400E-26
7	2	4.1	5	1.63400E-26
7	2	4.1	6	1.66700E-26
7	2	4.2	2	1.32100E-26
7	2	4.2	3	1.32300E-26
7	2	4.2	4	1.32500E-26
7	2	4.2	5	1.33100E-26
7	2	4.2	6	1.35200E-26
7	2	4.3	2	1.07200E-26
7	2	4.3	3	1.07200E-26
7	2	4.3	4	1.07400E-26
7	2	4.3	5	1.07700E-26
7	2	4.3	6	1.09000E-26
7	2	4.4	2	8.63500E-27
7	2	4.4	3	8.63800E-27
7	2	4.4	4	8.64300E-27
7	2	4.4	5	8.65600E-27
7	2	4.4	6	8.73900E-27
8	2	2	2	3.02900E-25
8	2	2	3	3.72000E-25
8	2	2	4	5.13200E-25
8	2	2	5	8.53700E-25
8	2	2	6	2.04000E-24
8	2	2.1	2	2.55700E-25
8	2	2.1	3	3.04700E-25
8	2	2.1	4	4.01800E-25
8	2	2.1	5	6.25200E-25
8	2	2.1	6	1.35500E-24
8	2	2.2	2	2.15800E-25
8	2	2.2	3	2.49600E-25
8	2	2.2	4	3.14600E-25
8	2	2.2	5	4.57800E-25
8	2	2.2	6	9.00600E-25
8	2	2.3	2	1.84600E-25
8	2	2.3	3	2.08900E-25
8	2	2.3	4	2.54700E-25
8	2	2.3	5	3.52200E-25
8	2	2.3	6	6.41000E-25
8	2	2.4	2	1.57900E-25
8	2	2.4	3	1.74900E-25
8	2	2.4	4	2.06200E-25
8	2	2.4	5	2.71000E-25
8	2	2.4	6	4.56200E-25
8	2	2.5	2	1.36200E-25
8	2	2.5	3	1.48500E-25
8	2	2.5	4	1.70800E-25
8	2	2.5	5	2.16100E-25
8	2	2.5	6	3.42100E-25
8	2	2.6	2	1.17500E-25
8	2	2.6	3	1.26100E-25
8	2	2.6	4	1.41500E-25
8	2	2.6	5	1.72400E-25
8	2	2.6	6	2.56600E-25
8	2	2.7	2	1.01800E-25
8	2	2.7	3	1.08000E-25
8	2	2.7	4	1.19000E-25
8	2	2.7	5	1.41000E-25
8	2	2.7	6	1.99900E-25
8	2	2.8	2	8.81300E-26
8	2	2.8	3	9.24300E-26
8	2	2.8	4	1.00100E-25
8	2	2.8	5	1.15300E-25
8	2	2.8	6	1.55800E-25
8	2	2.9	2	7.63600E-26
8	2	2.9	3	7.94500E-26
8	2	2.9	4	8.49500E-26
8	2	2.9	5	9.57900E-26
8	2	2.9	6	1.24700E-25
8	2	3	2	6.61600E-26
8	2	3	3	6.82900E-26
8	2	3	4	7.20900E-26
8	2	3	5	7.95800E-26
8	2	3	6	9.97800E-26
8	2	3.1	2	5.71700E-26
8	2	3.1	3	5.86700E-26
8	2	3.1	4	6.13700E-26
8	2	3.1	5	6.67100E-26
8	2	3.1	6	8.12200E-26
8	2	3.2	2	4.94000E-26
8	2	3.2	3	5.04100E-26
8	2	3.2	4	5.22500E-26
8	2	3.2	5	5.59300E-26
8	2	3.2	6	6.61200E-26
8	2	3.3	2	4.24300E-26
8	2	3.3	3	4.31400E-26
8	2	3.3	4	4.44200E-26
8	2	3.3	5	4.70300E-26
8	2	3.3	6	5.43300E-26
8	2	3.4	2	3.64500E-26
8	2	3.4	3	3.69200E-26
8	2	3.4	4	3.77700E-26
8	2	3.4	5	3.95400E-26
8	2	3.4	6	4.46500E-26
8	2	3.5	2	3.10400E-26
8	2	3.5	3	3.13600E-26
8	2	3.5	4	3.19500E-26
8	2	3.5	5	3.31800E-26
8	2	3.5	6	3.68200E-26
8	2	3.6	2	2.64400E-26
8	2	3.6	3	2.66400E-26
8	2	3.6	4	2.70200E-26
8	2	3.6	5	2.78400E-26
8	2	3.6	6	3.03600E-26
8	2	3.7	2	2.22700E-26
8	2	3.7	3	2.24000E-26
8	2	3.7	4	2.26600E-26
8	2	3.7	5	2.32200E-26
8	2	3.7	6	2.49900E-26
8	2	3.8	2	1.87600E-26
8	2	3.8	3	1.88400E-26
8	2	3.8	4	1.90000E-26
8	2	3.8	5	1.93600E-26
8	2	3.8	6	2.05700E-26
8	2	3.9	2	1.56500E-26
8	2	3.9	3	1.57000E-26
8	2	3.9	4	1.58000E-26
8	2	3.9	5	1.60300E-26
8	2	3.9	6	1.68600E-26
8	2	4	2	1.29700E-26
8	2	4	3	1.30000E-26
8	2	4	4	1.30600E-26
8	2	4	5	1.32100E-26
8	2	4	6	1.37700E-26
8	2	4.1	2	1.06700E-26
8	2	4.1	3	1.06900E-26
8	2	4.1	4	1.07300E-26
8	2	4.1	5	1.08200E-26
8	2	4.1	6	1.11900E-26
8	2	4.2	2	8.72100E-27
8	2	4.2	3	8.73000E-27
8	2	4.2	4	8.74800E-27
8	2	4.2	5	8.80200E-27
8	2	4.2	6	9.05600E-27
8	2	4.3	2	7.07300E-27
8	2	4.3	3	7.07700E-27
8	2	4.3	4	7.08600E-27
8	2	4.3	5	7.11700E-27
8	2	4.3	6	7.28600E-27
8	2	4.4	2	5.69700E-27
8	2	4.4	3	5.69800E-27
8	2	4.4	4	5.70100E-27
8	2	4.4	5	5.71800E-27
8	2	4.4	6	5.83000E-27
9	2	2	2	2.12300E-25
9	2	2	3	2.61000E-25
9	2	2	4	3.62300E-25
9	2	2	5	6.26900E-25
9	2	2.1	2	1.79200E-25
9	2	2.1	3	2.13800E-25
9	2	2.1	4	2.83500E-25
9	2	2.1	5	4.57900E-25
9	2	2.2	2	1.51300E-25
9	2	2.2	3	1.75100E-25
9	2	2.2	4	2.21900E-25
9	2	2.2	5	3.34400E-25
9	2	2.3	2	1.29400E-25
9	2	2.3	3	1.46600E-25
9	2	2.3	4	1.79600E-25
9	2	2.3	5	2.56600E-25
9	2	2.4	2	1.10700E-25
9	2	2.4	3	1.22700E-25
9	2	2.4	4	1.45300E-25
9	2	2.4	5	1.96900E-25
9	2	2.5	2	9.54600E-26
9	2	2.5	3	1.04100E-25
9	2	2.5	4	1.20300E-25
9	2	2.5	5	1.56600E-25
9	2	2.6	2	8.23200E-26
9	2	2.6	3	8.83700E-26
9	2	2.6	4	9.96000E-26
9	2	2.6	5	1.24600E-25
9	2	2.7	2	7.12700E-26
9	2	2.7	3	7.56400E-26
9	2	2.7	4	8.37200E-26
9	2	2.7	5	1.01600E-25
9	2	2.8	2	6.17000E-26
9	2	2.8	3	6.47500E-26
9	2	2.8	4	7.03800E-26
9	2	2.8	5	8.28700E-26
9	2	2.9	2	5.34400E-26
9	2	2.9	3	5.56300E-26
9	2	2.9	4	5.96800E-26
9	2	2.9	5	6.86700E-26
9	2	3	2	4.62900E-26
9	2	3	3	4.78000E-26
9	2	3	4	5.06000E-26
9	2	3	5	5.69100E-26
9	2	3.1	2	3.99700E-26
9	2	3.1	3	4.10500E-26
9	2	3.1	4	4.30500E-26
9	2	3.1	5	4.75900E-26
9	2	3.2	2	3.45200E-26
9	2	3.2	3	3.52500E-26
9	2	3.2	4	3.66200E-26
9	2	3.2	5	3.98000E-26
9	2	3.3	2	2.96400E-26
9	2	3.3	3	3.01500E-26
9	2	3.3	4	3.11100E-26
9	2	3.3	5	3.33800E-26
9	2	3.4	2	2.54500E-26
9	2	3.4	3	2.57900E-26
9	2	3.4	4	2.64300E-26
9	2	3.4	5	2.80000E-26
9	2	3.5	2	2.16600E-26
9	2	3.5	3	2.19000E-26
9	2	3.5	4	2.23400E-26
9	2	3.5	5	2.34400E-26
9	2	3.6	2	1.84400E-26
9	2	3.6	3	1.85900E-26
9	2	3.6	4	1.88800E-26
9	2	3.6	5	1.96300E-26
9	2	3.7	2	1.55200E-26
9	2	3.7	3	1.56200E-26
9	2	3.7	4	1.58200E-26
9	2	3.7	5	1.63400E-26
9	2	3.8	2	1.30700E-26
9	2	3.8	3	1.31300E-26
9	2	3.8	4	1.32500E-26
9	2	3.8	5	1.36000E-26
9	2	3.9	2	1.09000E-26
9	2	3.9	3	1.09400E-26
9	2	3.9	4	1.10200E-26
9	2	3.9	5	1.12500E-26
9	2	4	2	9.03100E-27
9	2	4	3	9.05400E-27
9	2	4	4	9.10000E-27
9	2	4	5	9.25100E-27
9	2	4.1	2	7.42900E-27
9	2	4.1	3	7.44100E-27
9	2	4.1	4	7.46900E-27
9	2	4.1	5	7.56600E-27
9	2	4.2	2	6.06700E-27
9	2	4.2	3	6.07300E-27
9	2	4.2	4	6.08800E-27
9	2	4.2	5	6.15000E-27
9	2	4.3	2	4.91800E-27
9	2	4.3	3	4.92100E-27
9	2	4.3	4	4.92800E-27
9	2	4.3	5	4.96700E-27
9	2	4.4	2	3.95900E-27
9	2	4.4	3	3.96000E-27
9	2	4.4	4	3.96300E-27
9	2	4.4	5	3.98600E-27