# Peter Storey's new 2018 hydrogen emissivities, calculated down to log(ne)=0,1
# Email thread from December 2018: Hydrogen emissivities from your 2015 work
# Parsed in ~/Software/Yp/tables/r1B/parse_storey_emis.ipynb
# Duplicates removed, emissivities sorted in Excel by transition, density, then temperature
Nu	Nl	log(ne)	T	emissivity
3	2	0	5000	6.6942E-25
3	2	0	6000	5.6792E-25
3	2	0	7000	4.9333E-25
3	2	0	8000	4.3610E-25
3	2	0	9000	3.9075E-25
3	2	0	10000	3.5389E-25
3	2	0	11000	3.2333E-25
3	2	0	12000	2.9757E-25
3	2	0	13000	2.7555E-25
3	2	0	14000	2.5709E-25
3	2	0	15000	2.3989E-25
3	2	0	16000	2.2524E-25
3	2	0	17000	2.1224E-25
3	2	0	18000	2.0062E-25
3	2	0	19000	1.9017E-25
3	2	0	20000	1.8072E-25
3	2	0	21000	1.7214E-25
3	2	0	22000	1.6431E-25
3	2	0	23000	1.5714E-25
3	2	0	24000	1.5054E-25
3	2	0	25000	1.4446E-25
3	2	1	5000	6.6913E-25
3	2	1	6000	5.6769E-25
3	2	1	7000	4.9315E-25
3	2	1	8000	4.3595E-25
3	2	1	9000	3.9062E-25
3	2	1	10000	3.5378E-25
3	2	1	11000	3.2324E-25
3	2	1	12000	2.9749E-25
3	2	1	13000	2.7549E-25
3	2	1	14000	2.5703E-25
3	2	1	15000	2.3984E-25
3	2	1	16000	2.2520E-25
3	2	1	17000	2.1220E-25
3	2	1	18000	2.0058E-25
3	2	1	19000	1.9014E-25
3	2	1	20000	1.8069E-25
3	2	1	21000	1.7211E-25
3	2	1	22000	1.6429E-25
3	2	1	23000	1.5712E-25
3	2	1	24000	1.5052E-25
3	2	1	25000	1.4444E-25
3	2	2	5000	6.6881E-25
3	2	2	6000	5.6743E-25
3	2	2	7000	4.9292E-25
3	2	2	8000	4.3573E-25
3	2	2	9000	3.9043E-25
3	2	2	10000	3.5363E-25
3	2	2	11000	3.2310E-25
3	2	2	12000	2.9738E-25
3	2	2	13000	2.7539E-25
3	2	2	14000	2.5694E-25
3	2	2	15000	2.3976E-25
3	2	2	16000	2.2513E-25
3	2	2	17000	2.1214E-25
3	2	2	18000	2.0053E-25
3	2	2	19000	1.9009E-25
3	2	2	20000	1.8065E-25
3	2	2	21000	1.7208E-25
3	2	2	22000	1.6425E-25
3	2	2	23000	1.5709E-25
3	2	2	24000	1.5050E-25
3	2	2	25000	1.4442E-25
3	2	3	5000	6.6819E-25
3	2	3	6000	5.6691E-25
3	2	3	7000	4.9250E-25
3	2	3	8000	4.3541E-25
3	2	3	9000	3.9017E-25
3	2	3	10000	3.5340E-25
3	2	3	11000	3.2291E-25
3	2	3	12000	2.9721E-25
3	2	3	13000	2.7523E-25
3	2	3	14000	2.5680E-25
3	2	3	15000	2.3964E-25
3	2	3	16000	2.2502E-25
3	2	3	17000	2.1205E-25
3	2	3	18000	2.0045E-25
3	2	3	19000	1.9001E-25
3	2	3	20000	1.8058E-25
3	2	3	21000	1.7202E-25
3	2	3	22000	1.6420E-25
3	2	3	23000	1.5704E-25
3	2	3	24000	1.5045E-25
3	2	3	25000	1.4438E-25
3	2	4	5000	6.6745E-25
3	2	4	6000	5.6624E-25
3	2	4	7000	4.9192E-25
3	2	4	8000	4.3491E-25
3	2	4	9000	3.8974E-25
3	2	4	10000	3.5303E-25
3	2	4	11000	3.2259E-25
3	2	4	12000	2.9693E-25
3	2	4	13000	2.7500E-25
3	2	4	14000	2.5661E-25
3	2	4	15000	2.3947E-25
3	2	4	16000	2.2487E-25
3	2	4	17000	2.1190E-25
3	2	4	18000	2.0032E-25
3	2	4	19000	1.8990E-25
3	2	4	20000	1.8048E-25
3	2	4	21000	1.7193E-25
3	2	4	22000	1.6412E-25
3	2	4	23000	1.5696E-25
3	2	4	24000	1.5039E-25
3	2	4	25000	1.4432E-25
3	2	5	5000	6.6700E-25
3	2	5	6000	5.6565E-25
3	2	5	7000	4.9132E-25
3	2	5	8000	4.3435E-25
3	2	5	9000	3.8923E-25
3	2	5	10000	3.5258E-25
3	2	5	11000	3.2219E-25
3	2	5	12000	2.9658E-25
3	2	5	13000	2.7469E-25
3	2	5	14000	2.5633E-25
3	2	5	15000	2.3922E-25
3	2	5	16000	2.2465E-25
3	2	5	17000	2.1171E-25
3	2	5	18000	2.0015E-25
3	2	5	19000	1.8975E-25
3	2	5	20000	1.8034E-25
3	2	5	21000	1.7180E-25
3	2	5	22000	1.6400E-25
3	2	5	23000	1.5686E-25
3	2	5	24000	1.5029E-25
3	2	5	25000	1.4423E-25
4	2	0	5000	2.1914E-25
4	2	0	6000	1.8932E-25
4	2	0	7000	1.6684E-25
4	2	0	8000	1.4923E-25
4	2	0	9000	1.3502E-25
4	2	0	10000	1.2330E-25
4	2	0	11000	1.1346E-25
4	2	0	12000	1.0506E-25
4	2	0	13000	9.7816E-26
4	2	0	14000	9.1685E-26
4	2	0	15000	8.5928E-26
4	2	0	16000	8.0989E-26
4	2	0	17000	7.6574E-26
4	2	0	18000	7.2606E-26
4	2	0	19000	6.9017E-26
4	2	0	20000	6.5757E-26
4	2	0	21000	6.2781E-26
4	2	0	22000	6.0055E-26
4	2	0	23000	5.7547E-26
4	2	0	24000	5.5232E-26
4	2	0	25000	5.3090E-26
4	2	1	5000	2.1943E-25
4	2	1	6000	1.8952E-25
4	2	1	7000	1.6698E-25
4	2	1	8000	1.4933E-25
4	2	1	9000	1.3510E-25
4	2	1	10000	1.2337E-25
4	2	1	11000	1.1351E-25
4	2	1	12000	1.0510E-25
4	2	1	13000	9.7851E-26
4	2	1	14000	9.1714E-26
4	2	1	15000	8.5953E-26
4	2	1	16000	8.1010E-26
4	2	1	17000	7.6593E-26
4	2	1	18000	7.2621E-26
4	2	1	19000	6.9031E-26
4	2	1	20000	6.5769E-26
4	2	1	21000	6.2792E-26
4	2	1	22000	6.0064E-26
4	2	1	23000	5.7555E-26
4	2	1	24000	5.5240E-26
4	2	1	25000	5.3096E-26
4	2	2	5000	2.1995E-25
4	2	2	6000	1.8988E-25
4	2	2	7000	1.6724E-25
4	2	2	8000	1.4952E-25
4	2	2	9000	1.3525E-25
4	2	2	10000	1.2348E-25
4	2	2	11000	1.1360E-25
4	2	2	12000	1.0518E-25
4	2	2	13000	9.7914E-26
4	2	2	14000	9.1767E-26
4	2	2	15000	8.5997E-26
4	2	2	16000	8.1048E-26
4	2	2	17000	7.6625E-26
4	2	2	18000	7.2649E-26
4	2	2	19000	6.9055E-26
4	2	2	20000	6.5790E-26
4	2	2	21000	6.2811E-26
4	2	2	22000	6.0080E-26
4	2	2	23000	5.7570E-26
4	2	2	24000	5.5253E-26
4	2	2	25000	5.3108E-26
4	2	3	5000	2.2085E-25
4	2	3	6000	1.9049E-25
4	2	3	7000	1.6769E-25
4	2	3	8000	1.4986E-25
4	2	3	9000	1.3551E-25
4	2	3	10000	1.2369E-25
4	2	3	11000	1.1377E-25
4	2	3	12000	1.0532E-25
4	2	3	13000	9.8023E-26
4	2	3	14000	9.1859E-26
4	2	3	15000	8.6074E-26
4	2	3	16000	8.1113E-26
4	2	3	17000	7.6682E-26
4	2	3	18000	7.2698E-26
4	2	3	19000	6.9098E-26
4	2	3	20000	6.5827E-26
4	2	3	21000	6.2843E-26
4	2	3	22000	6.0109E-26
4	2	3	23000	5.7595E-26
4	2	3	24000	5.5275E-26
4	2	3	25000	5.3128E-26
4	2	4	5000	2.2236E-25
4	2	4	6000	1.9153E-25
4	2	4	7000	1.6844E-25
4	2	4	8000	1.5042E-25
4	2	4	9000	1.3594E-25
4	2	4	10000	1.2403E-25
4	2	4	11000	1.1404E-25
4	2	4	12000	1.0554E-25
4	2	4	13000	9.8211E-26
4	2	4	14000	9.2018E-26
4	2	4	15000	8.6207E-26
4	2	4	16000	8.1227E-26
4	2	4	17000	7.6777E-26
4	2	4	18000	7.2780E-26
4	2	4	19000	6.9169E-26
4	2	4	20000	6.5889E-26
4	2	4	21000	6.2897E-26
4	2	4	22000	6.0157E-26
4	2	4	23000	5.7637E-26
4	2	4	24000	5.5312E-26
4	2	4	25000	5.3161E-26
4	2	5	5000	2.2485E-25
4	2	5	6000	1.9324E-25
4	2	5	7000	1.6967E-25
4	2	5	8000	1.5134E-25
4	2	5	9000	1.3665E-25
4	2	5	10000	1.2459E-25
4	2	5	11000	1.1449E-25
4	2	5	12000	1.0591E-25
4	2	5	13000	9.8513E-26
4	2	5	14000	9.2271E-26
4	2	5	15000	8.6420E-26
4	2	5	16000	8.1407E-26
4	2	5	17000	7.6933E-26
4	2	5	18000	7.2914E-26
4	2	5	19000	6.9285E-26
4	2	5	20000	6.5988E-26
4	2	5	21000	6.2984E-26
4	2	5	22000	6.0232E-26
4	2	5	23000	5.7703E-26
4	2	5	24000	5.5370E-26
4	2	5	25000	5.3212E-26
5	2	0	5000	1.0036E-25
5	2	0	6000	8.7257E-26
5	2	0	7000	7.7290E-26
5	2	0	8000	6.9419E-26
5	2	0	9000	6.3029E-26
5	2	0	10000	5.7728E-26
5	2	0	11000	5.3253E-26
5	2	0	12000	4.9422E-26
5	2	0	13000	4.6102E-26
5	2	0	14000	4.3283E-26
5	2	0	15000	4.0628E-26
5	2	0	16000	3.8344E-26
5	2	0	17000	3.6298E-26
5	2	0	18000	3.4454E-26
5	2	0	19000	3.2783E-26
5	2	0	20000	3.1262E-26
5	2	0	21000	2.9872E-26
5	2	0	22000	2.8595E-26
5	2	0	23000	2.7420E-26
5	2	0	24000	2.6333E-26
5	2	0	25000	2.5326E-26
5	2	1	5000	1.0052E-25
5	2	1	6000	8.7370E-26
5	2	1	7000	7.7372E-26
5	2	1	8000	6.9481E-26
5	2	1	9000	6.3077E-26
5	2	1	10000	5.7766E-26
5	2	1	11000	5.3284E-26
5	2	1	12000	4.9447E-26
5	2	1	13000	4.6123E-26
5	2	1	14000	4.3301E-26
5	2	1	15000	4.0643E-26
5	2	1	16000	3.8357E-26
5	2	1	17000	3.6309E-26
5	2	1	18000	3.4463E-26
5	2	1	19000	3.2791E-26
5	2	1	20000	3.1269E-26
5	2	1	21000	2.9878E-26
5	2	1	22000	2.8601E-26
5	2	1	23000	2.7424E-26
5	2	1	24000	2.6337E-26
5	2	1	25000	2.5330E-26
5	2	2	5000	1.0082E-25
5	2	2	6000	8.7580E-26
5	2	2	7000	7.7524E-26
5	2	2	8000	6.9595E-26
5	2	2	9000	6.3165E-26
5	2	2	10000	5.7836E-26
5	2	2	11000	5.3340E-26
5	2	2	12000	4.9493E-26
5	2	2	13000	4.6161E-26
5	2	2	14000	4.3333E-26
5	2	2	15000	4.0670E-26
5	2	2	16000	3.8380E-26
5	2	2	17000	3.6328E-26
5	2	2	18000	3.4480E-26
5	2	2	19000	3.2806E-26
5	2	2	20000	3.1282E-26
5	2	2	21000	2.9889E-26
5	2	2	22000	2.8610E-26
5	2	2	23000	2.7433E-26
5	2	2	24000	2.6345E-26
5	2	2	25000	2.5336E-26
5	2	3	5000	1.0135E-25
5	2	3	6000	8.7945E-26
5	2	3	7000	7.7791E-26
5	2	3	8000	6.9798E-26
5	2	3	9000	6.3323E-26
5	2	3	10000	5.7961E-26
5	2	3	11000	5.3441E-26
5	2	3	12000	4.9576E-26
5	2	3	13000	4.6228E-26
5	2	3	14000	4.3390E-26
5	2	3	15000	4.0718E-26
5	2	3	16000	3.8420E-26
5	2	3	17000	3.6363E-26
5	2	3	18000	3.4510E-26
5	2	3	19000	3.2831E-26
5	2	3	20000	3.1304E-26
5	2	3	21000	2.9908E-26
5	2	3	22000	2.8627E-26
5	2	3	23000	2.7447E-26
5	2	3	24000	2.6358E-26
5	2	3	25000	2.5348E-26
5	2	4	5000	1.0225E-25
5	2	4	6000	8.8577E-26
5	2	4	7000	7.8252E-26
5	2	4	8000	7.0146E-26
5	2	4	9000	6.3593E-26
5	2	4	10000	5.8175E-26
5	2	4	11000	5.3614E-26
5	2	4	12000	4.9717E-26
5	2	4	13000	4.6346E-26
5	2	4	14000	4.3488E-26
5	2	4	15000	4.0800E-26
5	2	4	16000	3.8490E-26
5	2	4	17000	3.6422E-26
5	2	4	18000	3.4560E-26
5	2	4	19000	3.2875E-26
5	2	4	20000	3.1342E-26
5	2	4	21000	2.9941E-26
5	2	4	22000	2.8655E-26
5	2	4	23000	2.7472E-26
5	2	4	24000	2.6379E-26
5	2	4	25000	2.5366E-26
5	2	5	5000	1.0378E-25
5	2	5	6000	8.9642E-26
5	2	5	7000	7.9029E-26
5	2	5	8000	7.0733E-26
5	2	5	9000	6.4048E-26
5	2	5	10000	5.8536E-26
5	2	5	11000	5.3904E-26
5	2	5	12000	4.9953E-26
5	2	5	13000	4.6541E-26
5	2	5	14000	4.3652E-26
5	2	5	15000	4.0937E-26
5	2	5	16000	3.8605E-26
5	2	5	17000	3.6520E-26
5	2	5	18000	3.4644E-26
5	2	5	19000	3.2947E-26
5	2	5	20000	3.1403E-26
5	2	5	21000	2.9993E-26
5	2	5	22000	2.8700E-26
5	2	5	23000	2.7511E-26
5	2	5	24000	2.6412E-26
5	2	5	25000	2.5395E-26
6	2	0	5000	5.5031E-26
6	2	0	6000	4.7964E-26
6	2	0	7000	4.2567E-26
6	2	0	8000	3.8292E-26
6	2	0	9000	3.4813E-26
6	2	0	10000	3.1920E-26
6	2	0	11000	2.9473E-26
6	2	0	12000	2.7374E-26
6	2	0	13000	2.5553E-26
6	2	0	14000	2.4004E-26
6	2	0	15000	2.2544E-26
6	2	0	16000	2.1287E-26
6	2	0	17000	2.0159E-26
6	2	0	18000	1.9142E-26
6	2	0	19000	1.8220E-26
6	2	0	20000	1.7379E-26
6	2	0	21000	1.6611E-26
6	2	0	22000	1.5905E-26
6	2	0	23000	1.5254E-26
6	2	0	24000	1.4652E-26
6	2	0	25000	1.4094E-26
6	2	1	5000	5.5126E-26
6	2	1	6000	4.8031E-26
6	2	1	7000	4.2616E-26
6	2	1	8000	3.8329E-26
6	2	1	9000	3.4841E-26
6	2	1	10000	3.1942E-26
6	2	1	11000	2.9491E-26
6	2	1	12000	2.7389E-26
6	2	1	13000	2.5565E-26
6	2	1	14000	2.4015E-26
6	2	1	15000	2.2553E-26
6	2	1	16000	2.1294E-26
6	2	1	17000	2.0165E-26
6	2	1	18000	1.9147E-26
6	2	1	19000	1.8224E-26
6	2	1	20000	1.7383E-26
6	2	1	21000	1.6614E-26
6	2	1	22000	1.5908E-26
6	2	1	23000	1.5256E-26
6	2	1	24000	1.4654E-26
6	2	1	25000	1.4096E-26
6	2	2	5000	5.5303E-26
6	2	2	6000	4.8154E-26
6	2	2	7000	4.2705E-26
6	2	2	8000	3.8396E-26
6	2	2	9000	3.4893E-26
6	2	2	10000	3.1983E-26
6	2	2	11000	2.9524E-26
6	2	2	12000	2.7416E-26
6	2	2	13000	2.5587E-26
6	2	2	14000	2.4033E-26
6	2	2	15000	2.2569E-26
6	2	2	16000	2.1307E-26
6	2	2	17000	2.0176E-26
6	2	2	18000	1.9157E-26
6	2	2	19000	1.8232E-26
6	2	2	20000	1.7390E-26
6	2	2	21000	1.6620E-26
6	2	2	22000	1.5913E-26
6	2	2	23000	1.5261E-26
6	2	2	24000	1.4658E-26
6	2	2	25000	1.4099E-26
6	2	3	5000	5.5614E-26
6	2	3	6000	4.8371E-26
6	2	3	7000	4.2864E-26
6	2	3	8000	3.8517E-26
6	2	3	9000	3.4987E-26
6	2	3	10000	3.2058E-26
6	2	3	11000	2.9584E-26
6	2	3	12000	2.7465E-26
6	2	3	13000	2.5627E-26
6	2	3	14000	2.4067E-26
6	2	3	15000	2.2596E-26
6	2	3	16000	2.1330E-26
6	2	3	17000	2.0196E-26
6	2	3	18000	1.9173E-26
6	2	3	19000	1.8247E-26
6	2	3	20000	1.7402E-26
6	2	3	21000	1.6630E-26
6	2	3	22000	1.5922E-26
6	2	3	23000	1.5269E-26
6	2	3	24000	1.4665E-26
6	2	3	25000	1.4105E-26
6	2	4	5000	5.6159E-26
6	2	4	6000	4.8752E-26
6	2	4	7000	4.3143E-26
6	2	4	8000	3.8727E-26
6	2	4	9000	3.5150E-26
6	2	4	10000	3.2187E-26
6	2	4	11000	2.9687E-26
6	2	4	12000	2.7549E-26
6	2	4	13000	2.5697E-26
6	2	4	14000	2.4125E-26
6	2	4	15000	2.2645E-26
6	2	4	16000	2.1371E-26
6	2	4	17000	2.0230E-26
6	2	4	18000	1.9202E-26
6	2	4	19000	1.8271E-26
6	2	4	20000	1.7423E-26
6	2	4	21000	1.6648E-26
6	2	4	22000	1.5937E-26
6	2	4	23000	1.5281E-26
6	2	4	24000	1.4676E-26
6	2	4	25000	1.4114E-26
6	2	5	5000	5.7113E-26
6	2	5	6000	4.9421E-26
6	2	5	7000	4.3633E-26
6	2	5	8000	3.9099E-26
6	2	5	9000	3.5438E-26
6	2	5	10000	3.2415E-26
6	2	5	11000	2.9871E-26
6	2	5	12000	2.7699E-26
6	2	5	13000	2.5820E-26
6	2	5	14000	2.4228E-26
6	2	5	15000	2.2730E-26
6	2	5	16000	2.1443E-26
6	2	5	17000	2.0291E-26
6	2	5	18000	1.9254E-26
6	2	5	19000	1.8315E-26
6	2	5	20000	1.7460E-26
6	2	5	21000	1.6680E-26
6	2	5	22000	1.5964E-26
6	2	5	23000	1.5304E-26
6	2	5	24000	1.4695E-26
6	2	5	25000	1.4130E-26
6	3	0	5000	2.1670E-26
6	3	0	6000	1.8312E-26
6	3	0	7000	1.5827E-26
6	3	0	8000	1.3914E-26
6	3	0	9000	1.2395E-26
6	3	0	10000	1.1161E-26
6	3	0	11000	1.0138E-26
6	3	0	12000	9.2776E-27
6	3	0	13000	8.5437E-27
6	3	0	14000	7.9298E-27
6	3	0	15000	7.3595E-27
6	3	0	16000	6.8752E-27
6	3	0	17000	6.4466E-27
6	3	0	18000	6.0647E-27
6	3	0	19000	5.7224E-27
6	3	0	20000	5.4140E-27
6	3	0	21000	5.1348E-27
6	3	0	22000	4.8809E-27
6	3	0	23000	4.6490E-27
6	3	0	24000	4.4365E-27
6	3	0	25000	4.2411E-27
6	3	1	5000	2.1688E-26
6	3	1	6000	1.8323E-26
6	3	1	7000	1.5834E-26
6	3	1	8000	1.3918E-26
6	3	1	9000	1.2398E-26
6	3	1	10000	1.1163E-26
6	3	1	11000	1.0140E-26
6	3	1	12000	9.2788E-27
6	3	1	13000	8.5447E-27
6	3	1	14000	7.9305E-27
6	3	1	15000	7.3600E-27
6	3	1	16000	6.8756E-27
6	3	1	17000	6.4469E-27
6	3	1	18000	6.0649E-27
6	3	1	19000	5.7226E-27
6	3	1	20000	5.4142E-27
6	3	1	21000	5.1349E-27
6	3	1	22000	4.8809E-27
6	3	1	23000	4.6490E-27
6	3	1	24000	4.4365E-27
6	3	1	25000	4.2411E-27
6	3	2	5000	2.1719E-26
6	3	2	6000	1.8342E-26
6	3	2	7000	1.5846E-26
6	3	2	8000	1.3926E-26
6	3	2	9000	1.2403E-26
6	3	2	10000	1.1166E-26
6	3	2	11000	1.0142E-26
6	3	2	12000	9.2806E-27
6	3	2	13000	8.5459E-27
6	3	2	14000	7.9314E-27
6	3	2	15000	7.3606E-27
6	3	2	16000	6.8760E-27
6	3	2	17000	6.4472E-27
6	3	2	18000	6.0651E-27
6	3	2	19000	5.7228E-27
6	3	2	20000	5.4143E-27
6	3	2	21000	5.1350E-27
6	3	2	22000	4.8810E-27
6	3	2	23000	4.6490E-27
6	3	2	24000	4.4365E-27
6	3	2	25000	4.2411E-27
6	3	3	5000	2.1762E-26
6	3	3	6000	1.8367E-26
6	3	3	7000	1.5862E-26
6	3	3	8000	1.3936E-26
6	3	3	9000	1.2410E-26
6	3	3	10000	1.1171E-26
6	3	3	11000	1.0145E-26
6	3	3	12000	9.2826E-27
6	3	3	13000	8.5469E-27
6	3	3	14000	7.9320E-27
6	3	3	15000	7.3609E-27
6	3	3	16000	6.8761E-27
6	3	3	17000	6.4471E-27
6	3	3	18000	6.0649E-27
6	3	3	19000	5.7225E-27
6	3	3	20000	5.4139E-27
6	3	3	21000	5.1346E-27
6	3	3	22000	4.8806E-27
6	3	3	23000	4.6487E-27
6	3	3	24000	4.4361E-27
6	3	3	25000	4.2407E-27
6	3	4	5000	2.1820E-26
6	3	4	6000	1.8399E-26
6	3	4	7000	1.5880E-26
6	3	4	8000	1.3946E-26
6	3	4	9000	1.2416E-26
6	3	4	10000	1.1174E-26
6	3	4	11000	1.0146E-26
6	3	4	12000	9.2825E-27
6	3	4	13000	8.5464E-27
6	3	4	14000	7.9310E-27
6	3	4	15000	7.3596E-27
6	3	4	16000	6.8747E-27
6	3	4	17000	6.4454E-27
6	3	4	18000	6.0632E-27
6	3	4	19000	5.7208E-27
6	3	4	20000	5.4123E-27
6	3	4	21000	5.1331E-27
6	3	4	22000	4.8791E-27
6	3	4	23000	4.6473E-27
6	3	4	24000	4.4348E-27
6	3	4	25000	4.2395E-27
6	3	5	5000	2.1891E-26
6	3	5	6000	1.8432E-26
6	3	5	7000	1.5894E-26
6	3	5	8000	1.3951E-26
6	3	5	9000	1.2415E-26
6	3	5	10000	1.1170E-26
6	3	5	11000	1.0141E-26
6	3	5	12000	9.2762E-27
6	3	5	13000	8.5398E-27
6	3	5	14000	7.9243E-27
6	3	5	15000	7.3531E-27
6	3	5	16000	6.8684E-27
6	3	5	17000	6.4396E-27
6	3	5	18000	6.0578E-27
6	3	5	19000	5.7157E-27
6	3	5	20000	5.4073E-27
6	3	5	21000	5.1284E-27
6	3	5	22000	4.8747E-27
6	3	5	23000	4.6432E-27
6	3	5	24000	4.4310E-27
6	3	5	25000	4.2359E-27
8	2	0	5000	2.2258E-26
8	2	0	6000	1.9416E-26
8	2	0	7000	1.7242E-26
8	2	0	8000	1.5518E-26
8	2	0	9000	1.4113E-26
8	2	0	10000	1.2944E-26
8	2	0	11000	1.1955E-26
8	2	0	12000	1.1105E-26
8	2	0	13000	1.0368E-26
8	2	0	14000	9.7407E-27
8	2	0	15000	9.1490E-27
8	2	0	16000	8.6392E-27
8	2	0	17000	8.1818E-27
8	2	0	18000	7.7692E-27
8	2	0	19000	7.3949E-27
8	2	0	20000	7.0538E-27
8	2	0	21000	6.7417E-27
8	2	0	22000	6.4550E-27
8	2	0	23000	6.1908E-27
8	2	0	24000	5.9463E-27
8	2	0	25000	5.7196E-27
8	2	1	5000	2.2299E-26
8	2	1	6000	1.9444E-26
8	2	1	7000	1.7262E-26
8	2	1	8000	1.5533E-26
8	2	1	9000	1.4125E-26
8	2	1	10000	1.2953E-26
8	2	1	11000	1.1962E-26
8	2	1	12000	1.1111E-26
8	2	1	13000	1.0373E-26
8	2	1	14000	9.7448E-27
8	2	1	15000	9.1524E-27
8	2	1	16000	8.6420E-27
8	2	1	17000	8.1842E-27
8	2	1	18000	7.7711E-27
8	2	1	19000	7.3965E-27
8	2	1	20000	7.0552E-27
8	2	1	21000	6.7429E-27
8	2	1	22000	6.4560E-27
8	2	1	23000	6.1915E-27
8	2	1	24000	5.9470E-27
8	2	1	25000	5.7202E-27
8	2	2	5000	2.2374E-26
8	2	2	6000	1.9497E-26
8	2	2	7000	1.7301E-26
8	2	2	8000	1.5562E-26
8	2	2	9000	1.4147E-26
8	2	2	10000	1.2971E-26
8	2	2	11000	1.1976E-26
8	2	2	12000	1.1122E-26
8	2	2	13000	1.0382E-26
8	2	2	14000	9.7523E-27
8	2	2	15000	9.1585E-27
8	2	2	16000	8.6471E-27
8	2	2	17000	8.1884E-27
8	2	2	18000	7.7746E-27
8	2	2	19000	7.3994E-27
8	2	2	20000	7.0576E-27
8	2	2	21000	6.7449E-27
8	2	2	22000	6.4576E-27
8	2	2	23000	6.1929E-27
8	2	2	24000	5.9481E-27
8	2	2	25000	5.7210E-27
8	2	3	5000	2.2509E-26
8	2	3	6000	1.9591E-26
8	2	3	7000	1.7369E-26
8	2	3	8000	1.5614E-26
8	2	3	9000	1.4187E-26
8	2	3	10000	1.3002E-26
8	2	3	11000	1.2001E-26
8	2	3	12000	1.1143E-26
8	2	3	13000	1.0398E-26
8	2	3	14000	9.7657E-27
8	2	3	15000	9.1695E-27
8	2	3	16000	8.6562E-27
8	2	3	17000	8.1959E-27
8	2	3	18000	7.7809E-27
8	2	3	19000	7.4046E-27
8	2	3	20000	7.0619E-27
8	2	3	21000	6.7484E-27
8	2	3	22000	6.4605E-27
8	2	3	23000	6.1952E-27
8	2	3	24000	5.9499E-27
8	2	3	25000	5.7224E-27
8	2	4	5000	2.2757E-26
8	2	4	6000	1.9765E-26
8	2	4	7000	1.7497E-26
8	2	4	8000	1.5710E-26
8	2	4	9000	1.4262E-26
8	2	4	10000	1.3061E-26
8	2	4	11000	1.2048E-26
8	2	4	12000	1.1181E-26
8	2	4	13000	1.0430E-26
8	2	4	14000	9.7917E-27
8	2	4	15000	9.1909E-27
8	2	4	16000	8.6740E-27
8	2	4	17000	8.2106E-27
8	2	4	18000	7.7931E-27
8	2	4	19000	7.4148E-27
8	2	4	20000	7.0704E-27
8	2	4	21000	6.7554E-27
8	2	4	22000	6.4663E-27
8	2	4	23000	6.1999E-27
8	2	4	24000	5.9537E-27
8	2	4	25000	5.7254E-27
8	2	5	5000	2.3303E-26
8	2	5	6000	2.0157E-26
8	2	5	7000	1.7791E-26
8	2	5	8000	1.5938E-26
8	2	5	9000	1.4442E-26
8	2	5	10000	1.3207E-26
8	2	5	11000	1.2168E-26
8	2	5	12000	1.1281E-26
8	2	5	13000	1.0514E-26
8	2	5	14000	9.8636E-27
8	2	5	15000	9.2521E-27
8	2	5	16000	8.7267E-27
8	2	5	17000	8.2564E-27
8	2	5	18000	7.8330E-27
8	2	5	19000	7.4497E-27
8	2	5	20000	7.1009E-27
8	2	5	21000	6.7823E-27
8	2	5	22000	6.4900E-27
8	2	5	23000	6.2209E-27
8	2	5	24000	5.9723E-27
8	2	5	25000	5.7419E-27