# Hydrogen emissivities, calculated to low densities, log(ne) < 2, from P. Storey via email communication, 2018
# These have been PCA interpolated in density space to a finer grid of log(ne) = 0.5, from log(ne) = 1
3 2 0.0 5000 6.692187845594788e-25
4 2 0.0 5000 2.183262084819873e-25
5 2 0.0 5000 9.987588655321033e-26
6 2 0.0 5000 5.473495640306823e-26
8 2 0.0 5000 2.2100971075670728e-26
6 3 0.0 5000 2.1641784995987656e-26
3 2 0.0 6000 5.685016111424375e-25
4 2 0.0 6000 1.8882160990914942e-25
5 2 0.0 6000 8.693219039891034e-26
6 2 0.0 6000 4.7759651670305206e-26
8 2 0.0 6000 1.9304138324815413e-26
6 3 0.0 6000 1.8306321913898318e-26
3 2 0.0 7000 4.938962209417753e-25
4 2 0.0 7000 1.6649147522694819e-25
5 2 0.0 7000 7.705412122954343e-26
6 2 0.0 7000 4.241801407034629e-26
8 2 0.0 7000 1.7158813820147857e-26
6 3 0.0 7000 1.5827876542887155e-26
3 2 0.0 8000 4.364460809126968e-25
4 2 0.0 8000 1.4895774194510381e-25
5 2 0.0 8000 6.924027444538084e-26
6 2 0.0 8000 3.817977992405304e-26
8 2 0.0 8000 1.545419973476756e-26
6 3 0.0 8000 1.391488536992558e-26
3 2 0.0 9000 3.9087719575020405e-25
4 2 0.0 9000 1.3480131979294612e-25
5 2 0.0 9000 6.288963345097898e-26
6 2 0.0 9000 3.472589917446278e-26
8 2 0.0 9000 1.4063302271462332e-26
6 3 0.0 9000 1.2395071916589906e-26
3 2 0.0 10000 3.5387362935728107e-25
4 2 0.0 10000 1.2311867349773565e-25
5 2 0.0 10000 5.761748673735738e-26
6 2 0.0 10000 3.1851674307133495e-26
8 2 0.0 10000 1.2904549555442025e-26
6 3 0.0 10000 1.1159771249999118e-26
3 2 0.0 11000 3.232429050312305e-25
4 2 0.0 11000 1.1330515899168035e-25
5 2 0.0 11000 5.316509310656841e-26
6 2 0.0 11000 2.941913638013851e-26
8 2 0.0 11000 1.1922901653650442e-26
6 3 0.0 11000 1.0136915618532428e-26
3 2 0.0 12000 2.9747629548785994e-25
4 2 0.0 12000 1.0493984551210787e-25
5 2 0.0 12000 4.93514682692485e-26
6 2 0.0 12000 2.733158216403346e-26
8 2 0.0 12000 1.1079741663314291e-26
6 3 0.0 12000 9.276767961815402e-27
3 2 0.0 13000 2.7550129078852023e-25
4 2 0.0 13000 9.772012295732821e-26
5 2 0.0 13000 4.604590908590538e-26
6 2 0.0 13000 2.5519039442225735e-26
8 2 0.0 13000 1.0347100512362584e-26
6 3 0.0 13000 8.54387262006373e-27
3 2 0.0 14000 2.565346244486932e-25
4 2 0.0 14000 9.142255727109188e-26
5 2 0.0 14000 4.315148810492957e-26
6 2 0.0 14000 2.3929522027723494e-26
8 2 0.0 14000 9.704179506434763e-27
6 3 0.0 14000 7.912265790182715e-27
3 2 0.0 15000 2.3999109408252936e-25
4 2 0.0 15000 8.587841494425278e-26
5 2 0.0 15000 4.059469857530331e-26
6 2 0.0 15000 2.2523535356116398e-26
8 2 0.0 15000 9.135163847225236e-27
6 3 0.0 15000 7.362498112018656e-27
3 2 0.0 16000 2.254248771960931e-25
4 2 0.0 16000 8.095779034595125e-26
5 2 0.0 16000 3.831871740837798e-26
6 2 0.0 16000 2.1270496753126978e-26
8 2 0.0 16000 8.627797082347489e-27
6 3 0.0 16000 6.879714586424335e-27
3 2 0.0 17000 2.1249056061755027e-25
4 2 0.0 17000 7.65589871419266e-26
5 2 0.0 17000 3.627888418439014e-26
6 2 0.0 17000 2.0146329963291267e-26
8 2 0.0 17000 8.172422531882796e-27
6 3 0.0 17000 6.452377068676363e-27
3 2 0.0 18000 2.0091655366897498e-25
4 2 0.0 18000 7.260122173663462e-26
5 2 0.0 18000 3.443958522151007e-26
6 2 0.0 18000 1.9131805117476476e-26
8 2 0.0 18000 7.761321341416405e-27
6 3 0.0 18000 6.0713911028486224e-27
3 2 0.0 19000 1.9048651858975632e-25
4 2 0.0 19000 6.901949103482821e-26
5 2 0.0 19000 3.2772055520077713e-26
6 2 0.0 19000 1.821136623989297e-26
8 2 0.0 19000 7.388244652382614e-27
6 3 0.0 19000 5.729494958918657e-27
3 2 0.0 20000 1.8102612982143569e-25
4 2 0.0 20000 6.576088767444332e-26
5 2 0.0 20000 3.1252796173387054e-26
6 2 0.0 20000 1.7372286037237216e-26
8 2 0.0 20000 7.048076156198135e-27
6 3 0.0 20000 5.4208232289591155e-27
3 2 0.0 21000 1.723934584292863e-25
4 2 0.0 21000 6.278190591385454e-26
5 2 0.0 21000 2.98624140731981e-26
6 2 0.0 21000 1.66040454945243e-26
8 2 0.0 21000 6.736584256832856e-27
6 3 0.0 21000 5.1405893587389784e-27
3 2 0.0 22000 1.6447187403082353e-25
4 2 0.0 22000 6.004643957347753e-26
5 2 0.0 22000 2.8584757350648717e-26
6 2 0.0 22000 1.5897871071577898e-26
8 2 0.0 22000 6.4502370867081104e-27
6 3 0.0 22000 4.884850901312454e-27
3 2 0.0 23000 1.5716472758274449e-25
4 2 0.0 23000 5.752427238610238e-26
5 2 0.0 23000 2.740626174383252e-26
6 2 0.0 23000 1.5246384420763094e-26
8 2 0.0 23000 6.1860624207359826e-27
6 3 0.0 23000 4.6503333748736614e-27
3 2 0.0 24000 1.5039131502001057e-25
4 2 0.0 24000 5.518992453783796e-26
5 2 0.0 24000 2.631544990040524e-26
6 2 0.0 24000 1.464333377164806e-26
8 2 0.0 24000 5.9415401933566874e-27
6 3 0.0 24000 4.434296332646959e-27
3 2 0.0 25000 1.4408377607423404e-25
4 2 0.0 25000 5.302176074369101e-26
5 2 0.0 25000 2.5302543231413923e-26
6 2 0.0 25000 1.4083385476680732e-26
8 2 0.0 25000 5.7145190446920684e-27
6 3 0.0 25000 4.234430297196923e-27
3 2 0.5 5000 6.689607967640143e-25
4 2 0.5 5000 2.188675437305676e-25
5 2 0.5 5000 1.0019953852202833e-25
6 2 0.5 5000 5.493100141453411e-26
8 2 0.5 5000 2.2196636969196604e-26
6 3 0.5 5000 2.1663350711469143e-26
3 2 0.5 6000 5.6827478504320655e-25
4 2 0.5 6000 1.8920185690202659e-25
5 2 0.5 6000 8.716209062247132e-26
6 2 0.5 6000 4.7899282615349036e-26
8 2 0.5 6000 1.9372905164757182e-26
6 3 0.5 6000 1.8319113031270896e-26
3 2 0.5 7000 4.936977548480911e-25
4 2 0.5 7000 1.6676674503478639e-25
5 2 0.5 7000 7.722236302718742e-26
6 2 0.5 7000 4.2520423017665725e-26
8 2 0.5 7000 1.7209719890684918e-26
6 3 0.5 7000 1.5835352456423736e-26
3 2 0.5 8000 4.362728606208805e-25
4 2 0.5 8000 1.4916214711561366e-25
5 2 0.5 8000 6.9366470498084e-26
6 2 0.5 8000 3.825671756740867e-26
8 2 0.5 8000 1.5492798035866872e-26
6 3 0.5 8000 1.3919079551431856e-26
3 2 0.5 9000 3.907262276138454e-25
4 2 0.5 9000 1.3495665441641904e-25
5 2 0.5 9000 6.29863862941626e-26
6 2 0.5 9000 3.47849318195113e-26
8 2 0.5 9000 1.409318196001115e-26
6 3 0.5 9000 1.239723392739407e-26
3 2 0.5 10000 3.5374217654658084e-25
4 2 0.5 10000 1.232393673556402e-25
5 2 0.5 10000 5.769319469191601e-26
6 2 0.5 10000 3.189785581665312e-26
8 2 0.5 10000 1.2928118125993305e-26
6 3 0.5 10000 1.1160691113744114e-26
3 2 0.5 11000 3.231285149457108e-25
4 2 0.5 11000 1.1340101519288766e-25
5 2 0.5 11000 5.322550429231683e-26
6 2 0.5 11000 2.945593491495622e-26
8 2 0.5 11000 1.1941819143700184e-26
6 3 0.5 11000 1.0137100710485392e-26
3 2 0.5 12000 2.9737678702429095e-25
4 2 0.5 12000 1.05017645504158e-25
5 2 0.5 12000 4.9400593772340073e-26
6 2 0.5 12000 2.736142521188683e-26
8 2 0.5 12000 1.1095176406320918e-26
6 3 0.5 12000 9.276545296323846e-27
3 2 0.5 13000 2.7541472820018385e-25
4 2 0.5 13000 9.778461281354965e-26
5 2 0.5 13000 4.608658543023978e-26
6 2 0.5 13000 2.5543649822497017e-26
8 2 0.5 13000 1.0359887055110751e-26
6 3 0.5 13000 8.543450804280007e-27
3 2 0.5 14000 2.564592884666695e-25
4 2 0.5 14000 9.147707739125508e-26
5 2 0.5 14000 4.3185737246800217e-26
6 2 0.5 14000 2.395013313501657e-26
8 2 0.5 14000 9.714919935274757e-27
6 3 0.5 14000 7.911773978081449e-27
3 2 0.5 15000 2.3992545446072883e-25
4 2 0.5 15000 8.592531501490726e-26
5 2 0.5 15000 4.062396574170322e-26
6 2 0.5 15000 2.2541033498442786e-26
8 2 0.5 15000 9.144294907694839e-27
6 3 0.5 15000 7.362011259036727e-27
3 2 0.5 16000 2.253675681190487e-25
4 2 0.5 16000 8.09987101479777e-26
5 2 0.5 16000 3.834403247875784e-26
6 2 0.5 16000 2.1285517827939772e-26
8 2 0.5 16000 8.635635847761503e-27
6 3 0.5 16000 6.879270243002722e-27
3 2 0.5 17000 2.124403592664578e-25
4 2 0.5 17000 7.659505090281727e-26
5 2 0.5 17000 3.6300973704697274e-26
6 2 0.5 17000 2.01593266288171e-26
8 2 0.5 17000 8.179198193527348e-27
6 3 0.5 17000 6.4519867857322666e-27
3 2 0.5 18000 2.0087236177961927e-25
4 2 0.5 18000 7.263317526066118e-26
5 2 0.5 18000 3.445895167800188e-26
6 2 0.5 18000 1.9143094382562255e-26
8 2 0.5 18000 7.76719777585333e-27
6 3 0.5 18000 6.071048315457617e-27
3 2 0.5 19000 1.904473466723971e-25
4 2 0.5 19000 6.90478000748513e-26
5 2 0.5 19000 3.2789034391195315e-26
6 2 0.5 19000 1.8221163753186433e-26
8 2 0.5 19000 7.393336715568034e-27
6 3 0.5 19000 5.729180515916355e-27
3 2 0.5 20000 1.8099108367944155e-25
4 2 0.5 20000 6.578580951679101e-26
5 2 0.5 20000 3.12675975902998e-26
6 2 0.5 20000 1.738073115687051e-26
8 2 0.5 20000 7.052461623105444e-27
6 3 0.5 20000 5.420509318189204e-27
3 2 0.5 21000 1.7236172763324475e-25
4 2 0.5 21000 6.28035421190532e-26
5 2 0.5 21000 2.987515362836604e-26
6 2 0.5 21000 1.6611219852087446e-26
8 2 0.5 21000 6.740312683795935e-27
6 3 0.5 21000 5.1402423203589014e-27
3 2 0.5 22000 1.6444272204424807e-25
4 2 0.5 22000 6.006477525113923e-26
5 2 0.5 22000 2.8595479133288397e-26
6 2 0.5 22000 1.5903812472189216e-26
8 2 0.5 22000 6.453336464279147e-27
6 3 0.5 22000 4.884433259048393e-27
3 2 0.5 23000 1.5713748327904683e-25
4 2 0.5 23000 5.753920571242759e-26
5 2 0.5 23000 2.741495572896895e-26
6 2 0.5 23000 1.525109735222152e-26
8 2 0.5 23000 6.188544217526371e-27
6 3 0.5 23000 4.649805310198119e-27
3 2 0.5 24000 1.5036536537096482e-25
4 2 0.5 24000 5.520128911475268e-26
5 2 0.5 24000 2.6322065184612596e-26
6 2 0.5 24000 1.4646797416998325e-26
8 2 0.5 24000 5.943403213216847e-27
6 3 0.5 24000 4.433616757703618e-27
3 2 0.5 25000 1.440585598265102e-25
4 2 0.5 25000 5.302934264786785e-26
5 2 0.5 25000 2.5306998179017628e-26
6 2 0.5 25000 1.4085559867788433e-26
8 2 0.5 25000 5.7157523987102724e-27
6 3 0.5 25000 4.233557635945573e-27
3 2 1.0 5000 6.687028089685441e-25
4 2 1.0 5000 2.194088789791451e-25
5 2 1.0 5000 1.005231904908463e-25
6 2 1.0 5000 5.512704642599999e-26
8 2 1.0 5000 2.229230286272248e-26
6 3 1.0 5000 2.1684916426950452e-26
3 2 1.0 6000 5.680479589439813e-25
4 2 1.0 6000 1.8958210389490233e-25
5 2 1.0 6000 8.739199084603087e-26
6 2 1.0 6000 4.803891356039287e-26
8 2 1.0 6000 1.9441672004698951e-26
6 3 1.0 6000 1.833190414864312e-26
3 2 1.0 7000 4.934992887544184e-25
4 2 1.0 7000 1.6704201484262456e-25
5 2 1.0 7000 7.739060482483069e-26
6 2 1.0 7000 4.26228319649848e-26
8 2 1.0 7000 1.7260625961222153e-26
6 3 1.0 7000 1.584282836996014e-26
3 2 1.0 8000 4.360996403290756e-25
4 2 1.0 8000 1.4936655228611926e-25
5 2 1.0 8000 6.949266655078646e-26
6 2 1.0 8000 3.833365521076395e-26
8 2 1.0 8000 1.5531396336966274e-26
6 3 1.0 8000 1.392327373293778e-26
3 2 1.0 9000 3.9057525947749243e-25
4 2 1.0 9000 1.3511198903988912e-25
5 2 1.0 9000 6.308313913734623e-26
6 2 1.0 9000 3.484396446456017e-26
8 2 1.0 9000 1.4123061648559877e-26
6 3 1.0 9000 1.2399395938198056e-26
3 2 1.0 10000 3.5361072373589765e-25
4 2 1.0 10000 1.2336006121354047e-25
5 2 1.0 10000 5.776890264647534e-26
6 2 1.0 10000 3.1944037326173104e-26
8 2 1.0 10000 1.2951686696544764e-26
6 3 1.0 10000 1.1161610977488934e-26
3 2 1.0 11000 3.2301412486019104e-25
4 2 1.0 11000 1.1349687139408929e-25
5 2 1.0 11000 5.328591547806454e-26
6 2 1.0 11000 2.949273344977428e-26
8 2 1.0 11000 1.1960736633750103e-26
6 3 1.0 11000 1.0137285802438179e-26
3 2 1.0 12000 2.972772785607106e-25
4 2 1.0 12000 1.0509544549620672e-25
5 2 1.0 12000 4.944971927543236e-26
6 2 1.0 12000 2.739126825974054e-26
8 2 1.0 12000 1.1110611149327632e-26
6 3 1.0 12000 9.276322630831757e-27
3 2 1.0 13000 2.7532816561185317e-25
4 2 1.0 13000 9.784910266977108e-26
5 2 1.0 13000 4.612726177457276e-26
6 2 1.0 13000 2.5568260202767946e-26
8 2 1.0 13000 1.0372673597859006e-26
6 3 1.0 13000 8.543028988496104e-27
3 2 1.0 14000 2.563839524846571e-25
4 2 1.0 14000 9.153159751141545e-26
5 2 1.0 14000 4.3219986388670155e-26
6 2 1.0 14000 2.3970744242309652e-26
8 2 1.0 14000 9.725660364114752e-27
6 3 1.0 14000 7.911282165980538e-27
3 2 1.0 15000 2.3985981483893965e-25
4 2 1.0 15000 8.597221508556175e-26
5 2 1.0 15000 4.06532329081017e-26
6 2 1.0 15000 2.2558531640769175e-26
8 2 1.0 15000 9.15342596816462e-27
6 3 1.0 15000 7.361524406054443e-27
3 2 1.0 16000 2.253102590419985e-25
4 2 1.0 16000 8.103962995000274e-26
5 2 1.0 16000 3.8369347549136993e-26
6 2 1.0 16000 2.1300538902752564e-26
8 2 1.0 16000 8.643474613175605e-27
6 3 1.0 16000 6.878825899581287e-27
3 2 1.0 17000 2.1239015791537667e-25
4 2 1.0 17000 7.66311146637051e-26
5 2 1.0 17000 3.6323063225003697e-26
6 2 1.0 17000 2.017232329434293e-26
8 2 1.0 17000 8.18597385517208e-27
6 3 1.0 17000 6.4515965027876375e-27
3 2 1.0 18000 2.0082816989026924e-25
4 2 1.0 18000 7.266512878468774e-26
5 2 1.0 18000 3.447831813449298e-26
6 2 1.0 18000 1.9154383647647677e-26
8 2 1.0 18000 7.773074210290254e-27
6 3 1.0 18000 6.070705528066789e-27
3 2 1.0 19000 1.9040817475504356e-25
4 2 1.0 19000 6.907610911487297e-26
5 2 1.0 19000 3.28060132623115e-26
6 2 1.0 19000 1.8230961266479186e-26
8 2 1.0 19000 7.398428778753541e-27
6 3 1.0 19000 5.728866072914052e-27
3 2 1.0 20000 1.8095603753745878e-25
4 2 1.0 20000 6.581073135913443e-26
5 2 1.0 20000 3.128239900721255e-26
6 2 1.0 20000 1.7389176276503094e-26
8 2 1.0 20000 7.056847090012752e-27
6 3 1.0 20000 5.42019540741947e-27
3 2 1.0 21000 1.7232999683719186e-25
4 2 1.0 21000 6.282517832425186e-26
5 2 1.0 21000 2.9887893183532555e-26
6 2 1.0 21000 1.661839420965059e-26
8 2 1.0 21000 6.744041110759369e-27
6 3 1.0 21000 5.1398952819784686e-27
3 2 1.0 22000 1.644135700576726e-25
4 2 1.0 22000 6.00831109287995e-26
5 2 1.0 22000 2.860620091592523e-26
6 2 1.0 22000 1.590975387280018e-26
8 2 1.0 22000 6.4564358418502726e-27
6 3 1.0 22000 4.884015616784332e-27
3 2 1.0 23000 1.5711023897534915e-25
4 2 1.0 23000 5.755413903874996e-26
5 2 1.0 23000 2.742364971410396e-26
6 2 1.0 23000 1.5255810283680306e-26
8 2 1.0 23000 6.191026014316848e-27
6 3 1.0 23000 4.6492772455225765e-27
3 2 1.0 24000 1.5033941572192477e-25
4 2 1.0 24000 5.521265369166742e-26
5 2 1.0 24000 2.6328680468818533e-26
6 2 1.0 24000 1.465026106234859e-26
8 2 1.0 24000 5.945266233077185e-27
6 3 1.0 24000 4.432937182760099e-27
3 2 1.0 25000 1.4403334357879204e-25
4 2 1.0 25000 5.303692455204185e-26
5 2 1.0 25000 2.53114531266192e-26
6 2 1.0 25000 1.4087734258896133e-26
8 2 1.0 25000 5.7169857527288316e-27
6 3 1.0 25000 4.232684974694045e-27
3 2 1.5 5000 6.684448211730796e-25
4 2 1.5 5000 2.19950214227724e-25
5 2 1.5 5000 1.00846842459665e-25
6 2 1.5 5000 5.53230914374666e-26
8 2 1.5 5000 2.2387968756248358e-26
6 3 1.5 5000 2.1706482142431404e-26
3 2 1.5 6000 5.6782113284475035e-25
4 2 1.5 6000 1.8996235088778093e-25
5 2 1.5 6000 8.762189106959255e-26
6 2 1.5 6000 4.817854450543635e-26
8 2 1.5 6000 1.951043884464081e-26
6 3 1.5 6000 1.8344695266015344e-26
3 2 1.5 7000 4.933008226607399e-25
4 2 1.5 7000 1.6731728465046274e-25
5 2 1.5 7000 7.75588466224761e-26
6 2 1.5 7000 4.272524091230423e-26
8 2 1.5 7000 1.7311532031759213e-26
6 3 1.5 7000 1.5850304283496364e-26
3 2 1.5 8000 4.35926420037265e-25
4 2 1.5 8000 1.4957095745662913e-25
5 2 1.5 8000 6.961886260348962e-26
6 2 1.5 8000 3.841059285411959e-26
8 2 1.5 8000 1.556999463806559e-26
6 3 1.5 8000 1.3927467914443704e-26
3 2 1.5 9000 3.904242913411224e-25
4 2 1.5 9000 1.3526732366336063e-25
5 2 1.5 9000 6.317989198053127e-26
6 2 1.5 9000 3.4902997109608694e-26
8 2 1.5 9000 1.4152941337108694e-26
6 3 1.5 9000 1.2401557949001862e-26
3 2 1.5 10000 3.534792709251974e-25
4 2 1.5 10000 1.23480755071445e-25
5 2 1.5 10000 5.784461060103397e-26
6 2 1.5 10000 3.199021883569344e-26
8 2 1.5 10000 1.297525526709613e-26
6 3 1.5 10000 1.1162530841233398e-26
3 2 1.5 11000 3.2289973477466563e-25
4 2 1.5 11000 1.1359272759529375e-25
5 2 1.5 11000 5.334632666381367e-26
6 2 1.5 11000 2.9529531984591984e-26
8 2 1.5 11000 1.1979654123799755e-26
6 3 1.5 11000 1.0137470894390966e-26
3 2 1.5 12000 2.971777700971359e-25
4 2 1.5 12000 1.0517324548825685e-25
5 2 1.5 12000 4.949884477852393e-26
6 2 1.5 12000 2.742111130759426e-26
8 2 1.5 12000 1.1126045892334347e-26
6 3 1.5 12000 9.276099965339668e-27
3 2 1.5 13000 2.7524160302351674e-25
4 2 1.5 13000 9.791359252599393e-26
5 2 1.5 13000 4.616793811890716e-26
6 2 1.5 13000 2.559287058303923e-26
8 2 1.5 13000 1.038546014060735e-26
6 3 1.5 13000 8.542607172712025e-27
3 2 1.5 14000 2.563086165026391e-25
4 2 1.5 14000 9.158611763157865e-26
5 2 1.5 14000 4.325423553054151e-26
6 2 1.5 14000 2.399135534960273e-26
8 2 1.5 14000 9.736400792954747e-27
6 3 1.5 14000 7.910790353879271e-27
3 2 1.5 15000 2.397941752171391e-25
4 2 1.5 15000 8.601911515621623e-26
5 2 1.5 15000 4.0682500074501607e-26
6 2 1.5 15000 2.2576029783095564e-26
8 2 1.5 15000 9.16255702863431e-27
6 3 1.5 15000 7.361037553071982e-27
3 2 1.5 16000 2.2525294996495973e-25
4 2 1.5 16000 8.108054975202634e-26
5 2 1.5 16000 3.839466261951614e-26
6 2 1.5 16000 2.1315559977565002e-26
8 2 1.5 16000 8.651313378589798e-27
6 3 1.5 16000 6.878381556159674e-27
3 2 1.5 17000 2.123399565642956e-25
4 2 1.5 17000 7.666717842459293e-26
5 2 1.5 17000 3.634515274531083e-26
6 2 1.5 17000 2.0185319959868764e-26
8 2 1.5 17000 8.192749516816811e-27
6 3 1.5 17000 6.4512062198433644e-27
3 2 1.5 18000 2.0078397800091922e-25
4 2 1.5 18000 7.269708230871572e-26
5 2 1.5 18000 3.449768459098479e-26
6 2 1.5 18000 1.916567291273381e-26
8 2 1.5 18000 7.77895064472709e-27
6 3 1.5 18000 6.0703627406757835e-27
3 2 1.5 19000 1.9036900283769e-25
4 2 1.5 19000 6.910441815489748e-26
5 2 1.5 19000 3.28229921334291e-26
6 2 1.5 19000 1.8240758779772294e-26
8 2 1.5 19000 7.40352084193887e-27
6 3 1.5 19000 5.728551629911394e-27
3 2 1.5 20000 1.8092099139546463e-25
4 2 1.5 20000 6.583565320148068e-26
5 2 1.5 20000 3.1297200424126004e-26
6 2 1.5 20000 1.7397621396136033e-26
8 2 1.5 20000 7.061232556920239e-27
6 3 1.5 20000 5.419881496649381e-27
3 2 1.5 21000 1.7229826604115033e-25
4 2 1.5 21000 6.284681452945193e-26
5 2 1.5 21000 2.9900632738701207e-26
6 2 1.5 21000 1.6625568567213733e-26
8 2 1.5 21000 6.747769537722625e-27
6 3 1.5 21000 5.139548243598036e-27
3 2 1.5 22000 1.6438441807109144e-25
4 2 1.5 22000 6.010144660646262e-26
5 2 1.5 22000 2.86169226985642e-26
6 2 1.5 22000 1.59156952734115e-26
8 2 1.5 22000 6.4595352194213974e-27
6 3 1.5 22000 4.8835979745202706e-27
3 2 1.5 23000 1.570829946716458e-25
4 2 1.5 23000 5.756907236507374e-26
5 2 1.5 23000 2.7432343699239684e-26
6 2 1.5 23000 1.5260523215138733e-26
8 2 1.5 23000 6.193507811107324e-27
6 3 1.5 23000 4.648749180846856e-27
3 2 1.5 24000 1.503134660728847e-25
4 2 1.5 24000 5.522401826858072e-26
5 2 1.5 24000 2.6335295753025177e-26
6 2 1.5 24000 1.465372470769921e-26
8 2 1.5 24000 5.947129252937345e-27
6 3 1.5 24000 4.432257607816581e-27
3 2 1.5 25000 1.440081273310625e-25
4 2 1.5 25000 5.30445064562187e-26
5 2 1.5 25000 2.5315908074223616e-26
6 2 1.5 25000 1.4089908650003837e-26
8 2 1.5 25000 5.718219106747391e-27
6 3 1.5 25000 4.231812313442163e-27
3 2 2.0 5000 6.681868333776152e-25
4 2 2.0 5000 2.204915494763057e-25
5 2 2.0 5000 1.011704944284837e-25
6 2 2.0 5000 5.551913644893212e-26
8 2 2.0 5000 2.248363464977441e-26
6 3 2.0 5000 2.172804785791289e-26
3 2 2.0 6000 5.675943067455251e-25
4 2 2.0 6000 1.9034259788065954e-25
5 2 2.0 6000 8.785179129315352e-26
6 2 2.0 6000 4.831817545047983e-26
8 2 2.0 6000 1.9579205684582668e-26
6 3 2.0 6000 1.8357486383387567e-26
3 2 2.0 7000 4.931023565670671e-25
4 2 2.0 7000 1.6759255445830234e-25
5 2 2.0 7000 7.77270884201208e-26
6 2 2.0 7000 4.2827649859622956e-26
8 2 2.0 7000 1.7362438102296452e-26
6 3 2.0 7000 1.5857780197032767e-26
3 2 2.0 8000 4.3575319974545435e-25
4 2 2.0 8000 1.4977536262713898e-25
5 2 2.0 8000 6.974505865619207e-26
6 2 2.0 8000 3.848753049747522e-26
8 2 2.0 8000 1.560859293916508e-26
6 3 2.0 8000 1.393166209594998e-26
3 2 2.0 9000 3.902733232047695e-25
4 2 2.0 9000 1.3542265828683356e-25
5 2 2.0 9000 6.32766448237149e-26
6 2 2.0 9000 3.496202975465721e-26
8 2 2.0 9000 1.418282102565769e-26
6 3 2.0 9000 1.2403719959805848e-26
3 2 2.0 10000 3.5334781811450853e-25
4 2 2.0 10000 1.2360144892934956e-25
5 2 2.0 10000 5.79203185555933e-26
6 2 2.0 10000 3.203640034521307e-26
8 2 2.0 10000 1.2998823837647677e-26
6 3 2.0 10000 1.116345070497804e-26
3 2 2.0 11000 3.2278534468915157e-25
4 2 2.0 11000 1.1368858379649965e-25
5 2 2.0 11000 5.340673784956209e-26
6 2 2.0 11000 2.9566330519409336e-26
8 2 2.0 11000 1.1998571613849762e-26
6 3 2.0 11000 1.0137655986343752e-26
3 2 2.0 12000 2.9707826163356116e-25
4 2 2.0 12000 1.0525104548030838e-25
5 2 2.0 12000 4.9547970281616927e-26
6 2 2.0 12000 2.7450954355447266e-26
8 2 2.0 12000 1.1141480635341062e-26
6 3 2.0 12000 9.275877299847757e-27
3 2 2.0 13000 2.7515504043518606e-25
4 2 2.0 13000 9.797808238221819e-26
5 2 2.0 13000 4.620861446324085e-26
6 2 2.0 13000 2.561748096331016e-26
8 2 2.0 13000 1.0398246683355694e-26
6 3 2.0 13000 8.542185356928123e-27
3 2 2.0 14000 2.5623328052063246e-25
4 2 2.0 14000 9.164063775174186e-26
5 2 2.0 14000 4.3288484672413573e-26
6 2 2.0 14000 2.4011966456896162e-26
8 2 2.0 14000 9.74714122179492e-27
6 3 2.0 14000 7.910298541778182e-27
3 2 2.0 15000 2.3972853559535e-25
4 2 2.0 15000 8.606601522687214e-26
5 2 2.0 15000 4.07117672409008e-26
6 2 2.0 15000 2.2593527925422308e-26
8 2 2.0 15000 9.17168808910418e-27
6 3 2.0 15000 7.360550700089519e-27
3 2 2.0 16000 2.2519564088791525e-25
4 2 2.0 16000 8.11214695540528e-26
5 2 2.0 16000 3.8419977689896713e-26
6 2 2.0 16000 2.133058105237744e-26
8 2 2.0 16000 8.65915214400399e-27
6 3 2.0 16000 6.87793721273824e-27
3 2 2.0 17000 2.1228975521321445e-25
4 2 2.0 17000 7.670324218548359e-26
5 2 2.0 17000 3.636724226561796e-26
6 2 2.0 17000 2.01983166253946e-26
8 2 2.0 17000 8.199525178461543e-27
6 3 2.0 17000 6.4508159368987354e-27
3 2 2.0 18000 2.0073978611157486e-25
4 2 2.0 18000 7.272903583274371e-26
5 2 2.0 18000 3.4517051047475887e-26
6 2 2.0 18000 1.9176962177819236e-26
8 2 2.0 18000 7.78482707916428e-27
6 3 2.0 18000 6.070019953284955e-27
3 2 2.0 19000 1.9032983092033648e-25
4 2 2.0 19000 6.913272719492057e-26
5 2 2.0 19000 3.283997100454599e-26
6 2 2.0 19000 1.82505562930654e-26
8 2 2.0 19000 7.408612905124734e-27
6 3 2.0 19000 5.728237186908914e-27
3 2 2.0 20000 1.8088594525348186e-25
4 2 2.0 20000 6.586057504382837e-26
5 2 2.0 20000 3.131200184103875e-26
6 2 2.0 20000 1.7406066515768972e-26
8 2 2.0 20000 7.065618023827546e-27
6 3 2.0 20000 5.419567585879648e-27
3 2 2.0 21000 1.722665352451088e-25
4 2 2.0 21000 6.286845073465059e-26
5 2 2.0 21000 2.9913372293868435e-26
6 2 2.0 21000 1.663274292477688e-26
8 2 2.0 21000 6.75149796468606e-27
6 3 2.0 21000 5.139201205217603e-27
3 2 2.0 22000 1.6435526608452166e-25
4 2 2.0 22000 6.011978228412431e-26
5 2 2.0 22000 2.8627644481203873e-26
6 2 2.0 22000 1.5921636674021757e-26
8 2 2.0 22000 6.4626345969927e-27
6 3 2.0 22000 4.8831803322562096e-27
3 2 2.0 23000 1.5705575036794812e-25
4 2 2.0 23000 5.758400569139894e-26
5 2 2.0 23000 2.7441037684374695e-26
6 2 2.0 23000 1.5265236146596807e-26
8 2 2.0 23000 6.1959896078979784e-27
6 3 2.0 23000 4.648221116171314e-27
3 2 2.0 24000 1.5028751642383896e-25
4 2 2.0 24000 5.523538284549688e-26
5 2 2.0 24000 2.634191103723254e-26
6 2 2.0 24000 1.4657188353049123e-26
8 2 2.0 24000 5.948992272797682e-27
6 3 2.0 24000 4.431578032873063e-27
3 2 2.0 25000 1.4398291108334434e-25
4 2 2.0 25000 5.305208836039696e-26
5 2 2.0 25000 2.532036302182661e-26
6 2 2.0 25000 1.4092083041111538e-26
8 2 2.0 25000 5.719452460765951e-27
6 3 2.0 25000 4.230939652190635e-27
3 2 2.5 5000 6.679288455821564e-25
4 2 2.5 5000 2.210328847248846e-25
5 2 2.5 5000 1.014941463973031e-25
6 2 2.5 5000 5.5715181460398e-26
8 2 2.5 5000 2.2579300543300464e-26
6 3 2.5 5000 2.17496135733942e-26
3 2 2.5 6000 5.673674806462998e-25
4 2 2.5 6000 1.907228448735353e-25
5 2 2.5 6000 8.80816915167138e-26
6 2 2.5 6000 4.845780639552331e-26
8 2 2.5 6000 1.9647972524524526e-26
6 3 2.5 6000 1.837027750075997e-26
3 2 2.5 7000 4.929038904733943e-25
4 2 2.5 7000 1.6786782426614054e-25
5 2 2.5 7000 7.789533021776407e-26
6 2 2.5 7000 4.293005880694238e-26
8 2 2.5 7000 1.741334417283369e-26
6 3 2.5 7000 1.586525611056917e-26
3 2 2.5 8000 4.355799794536495e-25
4 2 2.5 8000 1.49979767797646e-25
5 2 2.5 8000 6.987125470889524e-26
6 2 2.5 8000 3.8564468140830856e-26
8 2 2.5 8000 1.564719124026457e-26
6 3 2.5 8000 1.3935856277455905e-26
3 2 2.5 9000 3.901223550684165e-25
4 2 2.5 9000 1.3557799291030221e-25
5 2 2.5 9000 6.337339766689923e-26
6 2 2.5 9000 3.502106239970573e-26
8 2 2.5 9000 1.4212700714206684e-26
6 3 2.5 9000 1.2405881970610012e-26
3 2 2.5 10000 3.532163653038197e-25
4 2 2.5 10000 1.2372214278725126e-25
5 2 2.5 10000 5.799602651015335e-26
6 2 2.5 10000 3.208258185473305e-26
8 2 2.5 10000 1.3022392408199225e-26
6 3 2.5 10000 1.1164370568723037e-26
3 2 2.5 11000 3.226709546036261e-25
4 2 2.5 11000 1.1378443999770127e-25
5 2 2.5 11000 5.346714903530981e-26
6 2 2.5 11000 2.9603129054227394e-26
8 2 2.5 11000 1.2017489103899592e-26
6 3 2.5 11000 1.0137841078296717e-26
3 2 2.5 12000 2.9697875316999787e-25
4 2 2.5 12000 1.053288454723571e-25
5 2 2.5 12000 4.9597095784708503e-26
6 2 2.5 12000 2.7480797403300986e-26
8 2 2.5 12000 1.1156915378347954e-26
6 3 2.5 12000 9.275654634356024e-27
3 2 2.5 13000 2.750684778468553e-25
4 2 2.5 13000 9.80425722384382e-26
5 2 2.5 13000 4.6249290807573833e-26
6 2 2.5 13000 2.564209134358144e-26
8 2 2.5 13000 1.0411033226104039e-26
6 3 2.5 13000 8.54176354114422e-27
3 2 2.5 14000 2.561579445386201e-25
4 2 2.5 14000 9.169515787190221e-26
5 2 2.5 14000 4.3322733814284224e-26
6 2 2.5 14000 2.403257756418924e-26
8 2 2.5 14000 9.757881650635092e-27
6 3 2.5 14000 7.909806729677271e-27
3 2 2.5 15000 2.396628959735665e-25
4 2 2.5 15000 8.611291529752663e-26
5 2 2.5 15000 4.0741034407299995e-26
6 2 2.5 15000 2.2611026067747988e-26
8 2 2.5 15000 9.180819149573871e-27
6 3 2.5 15000 7.360063847107235e-27
3 2 2.5 16000 2.251383318108708e-25
4 2 2.5 16000 8.116238935607925e-26
5 2 2.5 16000 3.844529276027586e-26
6 2 2.5 16000 2.134560212718988e-26
8 2 2.5 16000 8.666990909418005e-27
6 3 2.5 16000 6.877492869316626e-27
3 2 2.5 17000 2.122395538621277e-25
4 2 2.5 17000 7.673930594637426e-26
5 2 2.5 17000 3.6389331785925094e-26
6 2 2.5 17000 2.0211313290920075e-26
8 2 2.5 17000 8.206300840106273e-27
6 3 2.5 17000 6.4504256539544615e-27
3 2 2.5 18000 2.0069559422222484e-25
4 2 2.5 18000 7.27609893567717e-26
5 2 2.5 18000 3.453641750396841e-26
6 2 2.5 18000 1.9188251442904303e-26
8 2 2.5 18000 7.790703513601116e-27
6 3 2.5 18000 6.069677165894128e-27
3 2 2.5 19000 1.9029065900298293e-25
4 2 2.5 19000 6.916103623494223e-26
5 2 2.5 19000 3.285694987566359e-26
6 2 2.5 19000 1.8260353806358156e-26
8 2 2.5 19000 7.413704968310064e-27
6 3 2.5 19000 5.7279227439067884e-27
3 2 2.5 20000 1.808508991114934e-25
4 2 2.5 20000 6.58854968861732e-26
5 2 2.5 20000 3.13268032579515e-26
6 2 2.5 20000 1.7414511635401908e-26
8 2 2.5 20000 7.070003490735033e-27
6 3 2.5 20000 5.419253675109914e-27
3 2 2.5 21000 1.722348044490616e-25
4 2 2.5 21000 6.289008693984925e-26
5 2 2.5 21000 2.9926111849036375e-26
6 2 2.5 21000 1.6639917282339667e-26
8 2 2.5 21000 6.755226391649138e-27
6 3 2.5 21000 5.138854166837348e-27
3 2 2.5 22000 1.6432611409795187e-25
4 2 2.5 22000 6.013811796178601e-26
5 2 2.5 22000 2.863836626384213e-26
6 2 2.5 22000 1.5927578074633075e-26
8 2 2.5 22000 6.465733974563826e-27
6 3 2.5 22000 4.882762689992504e-27
3 2 2.5 23000 1.5702850606425613e-25
4 2 2.5 23000 5.75989390177213e-26
5 2 2.5 23000 2.7449731669511835e-26
6 2 2.5 23000 1.526994907805559e-26
8 2 2.5 23000 6.198471404688633e-27
6 3 2.5 23000 4.647693051495949e-27
3 2 2.5 24000 1.5026156677480458e-25
4 2 2.5 24000 5.524674742241018e-26
5 2 2.5 24000 2.634852632143918e-26
6 2 2.5 24000 1.4660651998399744e-26
8 2 2.5 24000 5.9508552926580194e-27
6 3 2.5 24000 4.430898457929722e-27
3 2 2.5 25000 1.439576948356205e-25
4 2 2.5 25000 5.305967026456954e-26
5 2 2.5 25000 2.5324817969430315e-26
6 2 2.5 25000 1.4094257432219594e-26
8 2 2.5 25000 5.72068581478451e-27
6 3 2.5 25000 4.230066990939108e-27
3 2 3.0 5000 6.676708577866862e-25
4 2 3.0 5000 2.215742199734649e-25
5 2 3.0 5000 1.0181779836611966e-25
6 2 3.0 5000 5.591122647186389e-26
8 2 3.0 5000 2.2674966436826338e-26
6 3 3.0 5000 2.1771179288875686e-26
3 2 3.0 6000 5.671406545470689e-25
4 2 3.0 6000 1.9110309186641388e-25
5 2 3.0 6000 8.831159174027477e-26
6 2 3.0 6000 4.859743734056714e-26
8 2 3.0 6000 1.9716739364466385e-26
6 3 3.0 6000 1.838306861813237e-26
3 2 3.0 7000 4.927054243797159e-25
4 2 3.0 7000 1.6814309407398014e-25
5 2 3.0 7000 7.806357201540734e-26
6 2 3.0 7000 4.3032467754261815e-26
8 2 3.0 7000 1.7464250243370928e-26
6 3 3.0 7000 1.587273202410575e-26
3 2 3.0 8000 4.3540675916183885e-25
4 2 3.0 8000 1.5018417296815445e-25
5 2 3.0 8000 6.999745076159769e-26
6 2 3.0 8000 3.864140578418649e-26
8 2 3.0 8000 1.5685789541363883e-26
6 3 3.0 8000 1.3940050458962363e-26
3 2 3.0 9000 3.8997138693205786e-25
4 2 3.0 9000 1.3573332753377514e-25
5 2 3.0 9000 6.347015051008214e-26
6 2 3.0 9000 3.5080095044754244e-26
8 2 3.0 9000 1.42425804027555e-26
6 3 3.0 9000 1.2408043981414174e-26
3 2 3.0 10000 3.530849124931194e-25
4 2 3.0 10000 1.2384283664515438e-25
5 2 3.0 10000 5.807173446471197e-26
6 2 3.0 10000 3.2128763364253033e-26
8 2 3.0 10000 1.3045960978750594e-26
6 3 3.0 10000 1.1165290432467856e-26
3 2 3.0 11000 3.225565645181064e-25
4 2 3.0 11000 1.1388029619890716e-25
5 2 3.0 11000 5.352756022105823e-26
6 2 3.0 11000 2.96399275890451e-26
8 2 3.0 11000 1.20364065939496e-26
6 3 3.0 11000 1.0138026170249859e-26
3 2 3.0 12000 2.968792447064175e-25
4 2 3.0 12000 1.0540664546440865e-25
5 2 3.0 12000 4.9646221287800074e-26
6 2 3.0 12000 2.751064045115399e-26
8 2 3.0 12000 1.1172350121354491e-26
6 3 3.0 12000 9.275431968864113e-27
3 2 3.0 13000 2.7498191525852464e-25
4 2 3.0 13000 9.810706209466105e-26
5 2 3.0 13000 4.628996715190752e-26
6 2 3.0 13000 2.566670172385237e-26
8 2 3.0 13000 1.0423819768852206e-26
6 3 3.0 13000 8.541341725360675e-27
3 2 3.0 14000 2.5608260855660206e-25
4 2 3.0 14000 9.174967799206542e-26
5 2 3.0 14000 4.3356982956154156e-26
6 2 3.0 14000 2.4053188671482317e-26
8 2 3.0 14000 9.768622079475087e-27
6 3 3.0 14000 7.90931491757636e-27
3 2 3.0 15000 2.3959725635176597e-25
4 2 3.0 15000 8.615981536818254e-26
5 2 3.0 15000 4.077030157369848e-26
6 2 3.0 15000 2.262852421007473e-26
8 2 3.0 15000 9.189950210043741e-27
6 3 3.0 15000 7.359576994125128e-27
3 2 3.0 16000 2.2508102273382633e-25
4 2 3.0 16000 8.12033091581057e-26
5 2 3.0 16000 3.8470607830655016e-26
6 2 3.0 16000 2.136062320200267e-26
8 2 3.0 16000 8.674829674832197e-27
6 3 3.0 16000 6.877048525895192e-27
3 2 3.0 17000 2.1218935251104655e-25
4 2 3.0 17000 7.677536970726493e-26
5 2 3.0 17000 3.641142130623081e-26
6 2 3.0 17000 2.0224309956446263e-26
8 2 3.0 17000 8.213076501751182e-27
6 3 3.0 17000 6.4500353710103656e-27
3 2 3.0 18000 2.006514023328748e-25
4 2 3.0 18000 7.279294288079825e-26
5 2 3.0 18000 3.45557839604588e-26
6 2 3.0 18000 1.919954070799008e-26
8 2 3.0 18000 7.796579948038308e-27
6 3 3.0 18000 6.0693343785033e-27
3 2 3.0 19000 1.902514870856237e-25
4 2 3.0 19000 6.918934527496532e-26
5 2 3.0 19000 3.287392874677977e-26
6 2 3.0 19000 1.8270151319651262e-26
8 2 3.0 19000 7.41879703149575e-27
6 3 3.0 19000 5.72760830090413e-27
3 2 3.0 20000 1.8081585296949926e-25
4 2 3.0 20000 6.591041872852089e-26
5 2 3.0 20000 3.1341604674863536e-26
6 2 3.0 20000 1.742295675503449e-26
8 2 3.0 20000 7.074388957642342e-27
6 3 3.0 20000 5.418939764340181e-27
3 2 3.0 21000 1.7220307365301438e-25
4 2 3.0 21000 6.291172314504934e-26
5 2 3.0 21000 2.99388514042036e-26
6 2 3.0 21000 1.6647091639903167e-26
8 2 3.0 21000 6.758954818612572e-27
6 3 3.0 21000 5.138507128457093e-27
3 2 3.0 22000 1.6429696211138209e-25
4 2 3.0 22000 6.015645363945055e-26
5 2 3.0 22000 2.864908804647897e-26
6 2 3.0 22000 1.593351947524404e-26
8 2 3.0 22000 6.468833352134773e-27
6 3 3.0 22000 4.882345047728443e-27
3 2 3.0 23000 1.5700126176055278e-25
4 2 3.0 23000 5.761387234404509e-26
5 2 3.0 23000 2.7458425654646133e-26
6 2 3.0 23000 1.5274662009514375e-26
8 2 3.0 23000 6.200953201478932e-27
6 3 3.0 23000 4.647164986820407e-27
3 2 3.0 24000 1.5023561712576453e-25
4 2 3.0 24000 5.525811199932492e-26
5 2 3.0 24000 2.635514160564512e-26
6 2 3.0 24000 1.466411564375001e-26
8 2 3.0 24000 5.9527183125183574e-27
6 3 3.0 24000 4.430218882986381e-27
3 2 3.0 25000 1.4393247858790234e-25
4 2 3.0 25000 5.30672521687464e-26
5 2 3.0 25000 2.5329272917033308e-26
6 2 3.0 25000 1.4096431823327648e-26
8 2 3.0 25000 5.721919168802892e-27
6 3 3.0 25000 4.2291943296875805e-27
3 2 3.5 5000 6.67412869991216e-25
4 2 3.5 5000 2.2211555522204377e-25
5 2 3.5 5000 1.0214145033493836e-25
6 2 3.5 5000 5.610727148333013e-26
8 2 3.5 5000 2.2770632330352214e-26
6 3 3.5 5000 2.1792745004356995e-26
3 2 3.5 6000 5.669138284478323e-25
4 2 3.5 6000 1.9148333885929105e-25
5 2 3.5 6000 8.854149196383574e-26
6 2 3.5 6000 4.8737068285610976e-26
8 2 3.5 6000 1.9785506204408243e-26
6 3 3.5 6000 1.8395859735504596e-26
3 2 3.5 7000 4.925069582860374e-25
4 2 3.5 7000 1.6841836388181974e-25
5 2 3.5 7000 7.823181381305205e-26
6 2 3.5 7000 4.313487670158089e-26
8 2 3.5 7000 1.7515156313907988e-26
6 3 3.5 7000 1.5880207937642154e-26
3 2 3.5 8000 4.352335388700226e-25
4 2 3.5 8000 1.503885781386643e-25
5 2 3.5 8000 7.012364681430086e-26
6 2 3.5 8000 3.871834342754177e-26
8 2 3.5 8000 1.5724387842463196e-26
6 3 3.5 8000 1.3944244640468284e-26
3 2 3.5 9000 3.898204187956992e-25
4 2 3.5 9000 1.3588866215724665e-25
5 2 3.5 9000 6.356690335326718e-26
6 2 3.5 9000 3.5139127689803117e-26
8 2 3.5 9000 1.4272460091304496e-26
6 3 3.5 9000 1.2410205992218338e-26
3 2 3.5 10000 3.5295345968242488e-25
4 2 3.5 10000 1.239635305030589e-25
5 2 3.5 10000 5.81474424192713e-26
6 2 3.5 10000 3.2174944873773015e-26
8 2 3.5 10000 1.3069529549302138e-26
6 3 3.5 10000 1.1166210296212498e-26
3 2 3.5 11000 3.224421744325753e-25
4 2 3.5 11000 1.1397615240011163e-25
5 2 3.5 11000 5.358797140680593e-26
6 2 3.5 11000 2.9676726123863165e-26
8 2 3.5 11000 1.2055324083999253e-26
6 3 3.5 11000 1.0138211262202824e-26
3 2 3.5 12000 2.967797362428428e-25
4 2 3.5 12000 1.054844454564588e-25
5 2 3.5 12000 4.969534679089307e-26
6 2 3.5 12000 2.7540483499008065e-26
8 2 3.5 12000 1.1187784864361384e-26
6 3 3.5 12000 9.2752093033722e-27
3 2 3.5 13000 2.7489535267018256e-25
4 2 3.5 13000 9.817155195088531e-26
5 2 3.5 13000 4.633064349624121e-26
6 2 3.5 13000 2.5691312104123654e-26
8 2 3.5 13000 1.043660631160055e-26
6 3 3.5 13000 8.540919909576594e-27
3 2 3.5 14000 2.5600727257458404e-25
4 2 3.5 14000 9.180419811222862e-26
5 2 3.5 14000 4.339123209802551e-26
6 2 3.5 14000 2.407379977877575e-26
8 2 3.5 14000 9.779362508315082e-27
6 3 3.5 14000 7.908823105475094e-27
3 2 3.5 15000 2.3953161672997114e-25
4 2 3.5 15000 8.620671543883703e-26
5 2 3.5 15000 4.0799568740098383e-26
6 2 3.5 15000 2.2646022352401474e-26
8 2 3.5 15000 9.19908127051361e-27
6 3 3.5 15000 7.359090141142843e-27
3 2 3.5 16000 2.2502371365678185e-25
4 2 3.5 16000 8.124422896012931e-26
5 2 3.5 16000 3.8495922901034164e-26
6 2 3.5 16000 2.1375644276815465e-26
8 2 3.5 16000 8.682668440246388e-27
6 3 3.5 16000 6.876604182473578e-27
3 2 3.5 17000 2.1213915115995973e-25
4 2 3.5 17000 7.681143346815419e-26
5 2 3.5 17000 3.643351082653723e-26
6 2 3.5 17000 2.0237306621972095e-26
8 2 3.5 17000 8.219852163395558e-27
6 3 3.5 17000 6.4496450880657365e-27
3 2 3.5 18000 2.006072104435191e-25
4 2 3.5 18000 7.282489640482766e-26
5 2 3.5 18000 3.4575150416951315e-26
6 2 3.5 18000 1.9210829973075862e-26
8 2 3.5 18000 7.802456382474965e-27
6 3 3.5 18000 6.0689915911124715e-27
3 2 3.5 19000 1.9021231516826448e-25
4 2 3.5 19000 6.921765431498984e-26
5 2 3.5 19000 3.289090761789737e-26
6 2 3.5 19000 1.827994883294437e-26
8 2 3.5 19000 7.42388909468108e-27
6 3 3.5 19000 5.72729385790165e-27
3 2 3.5 20000 1.807808068275051e-25
4 2 3.5 20000 6.593534057086714e-26
5 2 3.5 20000 3.135640609177699e-26
6 2 3.5 20000 1.743140187466743e-26
8 2 3.5 20000 7.07877442454965e-27
6 3 3.5 20000 5.4186258535702695e-27
3 2 3.5 21000 1.7217134285696716e-25
4 2 3.5 21000 6.293335935024942e-26
5 2 3.5 21000 2.9951590959370836e-26
6 2 3.5 21000 1.6654265997465957e-26
8 2 3.5 21000 6.762683245575829e-27
6 3 3.5 21000 5.13816009007666e-27
3 2 3.5 22000 1.6426781012480091e-25
4 2 3.5 22000 6.017478931711082e-26
5 2 3.5 22000 2.8659809829118643e-26
6 2 3.5 22000 1.5939460875855004e-26
8 2 3.5 22000 6.471932729706075e-27
6 3 3.5 22000 4.881927405464381e-27
3 2 3.5 23000 1.5697401745684943e-25
4 2 3.5 23000 5.76288056703703e-26
5 2 3.5 23000 2.746711963978115e-26
6 2 3.5 23000 1.52793749409728e-26
8 2 3.5 23000 6.203434998269586e-27
6 3 3.5 23000 4.6466369221448645e-27
3 2 3.5 24000 1.502096674767131e-25
4 2 3.5 24000 5.526947657624249e-26
5 2 3.5 24000 2.6361756889851763e-26
6 2 3.5 24000 1.4667579289100986e-26
8 2 3.5 24000 5.9545813323783395e-27
6 3 3.5 24000 4.429539308042862e-27
3 2 3.5 25000 1.439072623401728e-25
4 2 3.5 25000 5.307483407292466e-26
5 2 3.5 25000 2.5333727864635593e-26
6 2 3.5 25000 1.4098606214435704e-26
8 2 3.5 25000 5.723152522821451e-27
6 3 3.5 25000 4.228321668435875e-27
3 2 4.0 5000 6.671548821957572e-25
4 2 4.0 5000 2.226568904706241e-25
5 2 4.0 5000 1.0246510230375777e-25
6 2 4.0 5000 5.630331649479636e-26
8 2 4.0 5000 2.286629822387809e-26
6 3 4.0 5000 2.1814310719838126e-26
3 2 4.0 6000 5.666870023486013e-25
4 2 4.0 6000 1.9186358585216967e-25
5 2 4.0 6000 8.877139218739672e-26
6 2 4.0 6000 4.8876699230654456e-26
8 2 4.0 6000 1.98542730443501e-26
6 3 4.0 6000 1.8408650852876818e-26
3 2 4.0 7000 4.923084921923589e-25
4 2 4.0 7000 1.6869363368965794e-25
5 2 4.0 7000 7.840005561069674e-26
6 2 4.0 7000 4.3237285648900325e-26
8 2 4.0 7000 1.7566062384445226e-26
6 3 4.0 7000 1.5887683851178382e-26
3 2 4.0 8000 4.350603185782177e-25
4 2 4.0 8000 1.5059298330917274e-25
5 2 4.0 8000 7.024984286700332e-26
6 2 4.0 8000 3.8795281070897404e-26
8 2 4.0 8000 1.5762986143562686e-26
6 3 4.0 8000 1.3948438821974386e-26
3 2 4.0 9000 3.8966945065933486e-25
4 2 4.0 9000 1.3604399678071815e-25
5 2 4.0 9000 6.36636561964501e-26
6 2 4.0 9000 3.519816033485164e-26
8 2 4.0 9000 1.4302339779853136e-26
6 3 4.0 9000 1.2412368003021968e-26
3 2 4.0 10000 3.52822006871736e-25
4 2 4.0 10000 1.240842243609606e-25
5 2 4.0 10000 5.822315037382993e-26
6 2 4.0 10000 3.222112638329264e-26
8 2 4.0 10000 1.3093098119853508e-26
6 3 4.0 10000 1.116713015995714e-26
3 2 4.0 11000 3.223277843470669e-25
4 2 4.0 11000 1.140720086013161e-25
5 2 4.0 11000 5.364838259255435e-26
6 2 4.0 11000 2.971352465868087e-26
8 2 4.0 11000 1.2074241574049261e-26
6 3 4.0 11000 1.0138396354155432e-26
3 2 4.0 12000 2.9668022777926808e-25
4 2 4.0 12000 1.0556224544850892e-25
5 2 4.0 12000 4.9744472293984646e-26
6 2 4.0 12000 2.7570326546861424e-26
8 2 4.0 12000 1.1203219607367921e-26
6 3 4.0 12000 9.274986637880113e-27
3 2 4.0 13000 2.7480879008185183e-25
4 2 4.0 13000 9.823604180710533e-26
5 2 4.0 13000 4.637131984057561e-26
6 2 4.0 13000 2.5715922484394583e-26
8 2 4.0 13000 1.0449392854348717e-26
6 3 4.0 13000 8.540498093792693e-27
3 2 4.0 14000 2.5593193659257166e-25
4 2 4.0 14000 9.18587182323904e-26
5 2 4.0 14000 4.3425481239896157e-26
6 2 4.0 14000 2.409441088606883e-26
8 2 4.0 14000 9.790102937155077e-27
6 3 4.0 14000 7.908331293374005e-27
3 2 4.0 15000 2.394659771081763e-25
4 2 4.0 15000 8.625361550949294e-26
5 2 4.0 15000 4.0828835906497577e-26
6 2 4.0 15000 2.2663520494728218e-26
8 2 4.0 15000 9.208212330983123e-27
6 3 4.0 15000 7.358603288160205e-27
3 2 4.0 16000 2.2496640457973173e-25
4 2 4.0 16000 8.128514876215576e-26
5 2 4.0 16000 3.8521237971414736e-26
6 2 4.0 16000 2.1390665351627903e-26
8 2 4.0 16000 8.690507205660225e-27
6 3 4.0 16000 6.876159839051966e-27
3 2 4.0 17000 2.1208894980887864e-25
4 2 4.0 17000 7.684749722904342e-26
5 2 4.0 17000 3.6455600346844367e-26
6 2 4.0 17000 2.0250303287497575e-26
8 2 4.0 17000 8.22662782504029e-27
6 3 4.0 17000 6.449254805121463e-27
3 2 4.0 18000 2.0056301855416905e-25
4 2 4.0 18000 7.285684992885422e-26
5 2 4.0 18000 3.459451687344242e-26
6 2 4.0 18000 1.922211923816164e-26
8 2 4.0 18000 7.808332816911979e-27
6 3 4.0 18000 6.068648803721466e-27
3 2 4.0 19000 1.9017314325091662e-25
4 2 4.0 19000 6.924596335501293e-26
5 2 4.0 19000 3.290788648901355e-26
6 2 4.0 19000 1.8289746346237835e-26
8 2 4.0 19000 7.428981157866588e-27
6 3 4.0 19000 5.726979414898992e-27
3 2 4.0 20000 1.8074576068552234e-25
4 2 4.0 20000 6.596026241321055e-26
5 2 4.0 20000 3.137120750868974e-26
6 2 4.0 20000 1.7439846994300725e-26
8 2 4.0 20000 7.083159891457136e-27
6 3 4.0 20000 5.418311942800358e-27
3 2 4.0 21000 1.7213961206091996e-25
4 2 4.0 21000 6.295499555544808e-26
5 2 4.0 21000 2.9964330514538776e-26
6 2 4.0 21000 1.66614403550291e-26
8 2 4.0 21000 6.766411672539085e-27
6 3 4.0 21000 5.137813051696227e-27
3 2 4.0 22000 1.6423865813823113e-25
4 2 4.0 22000 6.019312499477252e-26
5 2 4.0 22000 2.86705316117569e-26
6 2 4.0 22000 1.5945402276466325e-26
8 2 4.0 22000 6.475032107277201e-27
6 3 4.0 22000 4.8815097632001425e-27
3 2 4.0 23000 1.5694677315315744e-25
4 2 4.0 23000 5.764373899669409e-26
5 2 4.0 23000 2.747581362491758e-26
6 2 4.0 23000 1.5284087872431584e-26
8 2 4.0 23000 6.2059167950600624e-27
6 3 4.0 23000 4.646108857469322e-27
3 2 4.0 24000 1.5018371782767873e-25
4 2 4.0 24000 5.528084115315579e-26
5 2 4.0 24000 2.63683721740577e-26
6 2 4.0 24000 1.467104293445125e-26
8 2 4.0 24000 5.956444352238855e-27
6 3 4.0 24000 4.428859733099166e-27
3 2 4.0 25000 1.4388204609244895e-25
4 2 4.0 25000 5.308241597709866e-26
5 2 4.0 25000 2.5338182812240008e-26
6 2 4.0 25000 1.4100780605543405e-26
8 2 4.0 25000 5.72438587684001e-27
6 3 4.0 25000 4.227449007184348e-27
3 2 4.5 5000 6.668968944002813e-25
4 2 4.5 5000 2.23198225719203e-25
5 2 4.5 5000 1.0278875427257574e-25
6 2 4.5 5000 5.649936150626225e-26
8 2 4.5 5000 2.2961964117403968e-26
6 3 4.5 5000 2.1835876435319434e-26
3 2 4.5 6000 5.664601762493704e-25
4 2 4.5 6000 1.9224383284504684e-25
5 2 4.5 6000 8.900129241095698e-26
6 2 4.5 6000 4.9016330175698285e-26
8 2 4.5 6000 1.9923039884292137e-26
6 3 4.5 6000 1.8421441970249396e-26
3 2 4.5 7000 4.921100260986861e-25
4 2 4.5 7000 1.6896890349749612e-25
5 2 4.5 7000 7.856829740834073e-26
6 2 4.5 7000 4.333969459621976e-26
8 2 4.5 7000 1.7616968454982462e-26
6 3 4.5 7000 1.5895159764714785e-26
3 2 4.5 8000 4.348870982864128e-25
4 2 4.5 8000 1.5079738847968116e-25
5 2 4.5 8000 7.037603891970648e-26
6 2 4.5 8000 3.8872218714252684e-26
8 2 4.5 8000 1.5801584444662177e-26
6 3 4.5 8000 1.3952633003480488e-26
3 2 4.5 9000 3.8951848252297626e-25
4 2 4.5 9000 1.3619933140419108e-25
5 2 4.5 9000 6.376040903963443e-26
6 2 4.5 9000 3.525719297990051e-26
8 2 4.5 9000 1.433221946840213e-26
6 3 4.5 9000 1.2414530013826309e-26
3 2 4.5 10000 3.5269055406103576e-25
4 2 4.5 10000 1.2420491821886514e-25
5 2 4.5 10000 5.829885832838926e-26
6 2 4.5 10000 3.2267307892812624e-26
8 2 4.5 10000 1.3116666690404877e-26
6 3 4.5 10000 1.1168050023702137e-26
3 2 4.5 11000 3.2221339426154146e-25
4 2 4.5 11000 1.1416786480252056e-25
5 2 4.5 11000 5.370879377830277e-26
6 2 4.5 11000 2.9750323193498575e-26
8 2 4.5 11000 1.2093159064098913e-26
6 3 4.5 11000 1.0138581446108575e-26
3 2 4.5 12000 2.965807193156934e-25
4 2 4.5 12000 1.0564004544055763e-25
5 2 4.5 12000 4.979359779707693e-26
6 2 4.5 12000 2.7600169594714433e-26
8 2 4.5 12000 1.1218654350374813e-26
6 3 4.5 12000 9.274763972388378e-27
3 2 4.5 13000 2.7472222749352114e-25
4 2 4.5 13000 9.830053166333101e-26
5 2 4.5 13000 4.64119961849093e-26
6 2 4.5 13000 2.5740532864665512e-26
8 2 4.5 13000 1.046217939709706e-26
6 3 4.5 13000 8.540076278008968e-27
3 2 4.5 14000 2.5585660061055364e-25
4 2 4.5 14000 9.191323835255361e-26
5 2 4.5 14000 4.3459730381766807e-26
6 2 4.5 14000 2.4115021993362264e-26
8 2 4.5 14000 9.800843365995072e-27
6 3 4.5 14000 7.907839481273094e-27
3 2 4.5 15000 2.3940033748638143e-25
4 2 4.5 15000 8.630051558014742e-26
5 2 4.5 15000 4.085810307289677e-26
6 2 4.5 15000 2.268101863705425e-26
8 2 4.5 15000 9.217343391452815e-27
6 3 4.5 15000 7.358116435178098e-27
3 2 4.5 16000 2.2490909550268725e-25
4 2 4.5 16000 8.132606856418221e-26
5 2 4.5 16000 3.8546553041794596e-26
6 2 4.5 16000 2.1405686426440342e-26
8 2 4.5 16000 8.698345971074417e-27
6 3 4.5 16000 6.87571549563053e-27
3 2 4.5 17000 2.1203874845778617e-25
4 2 4.5 17000 7.688356098993267e-26
5 2 4.5 17000 3.64776898671515e-26
6 2 4.5 17000 2.0263299953023763e-26
8 2 4.5 17000 8.233403486684842e-27
6 3 4.5 17000 6.4488645221768336e-27
3 2 4.5 18000 2.0051882666481333e-25
4 2 4.5 18000 7.288880345288363e-26
5 2 4.5 18000 3.461388332993423e-26
6 2 4.5 18000 1.9233408503247419e-26
8 2 4.5 18000 7.814209251348991e-27
6 3 4.5 18000 6.068306016330638e-27
3 2 4.5 19000 1.901339713335574e-25
4 2 4.5 19000 6.927427239503743e-26
5 2 4.5 19000 3.292486536013115e-26
6 2 4.5 19000 1.8299543859530943e-26
8 2 4.5 19000 7.434073221051919e-27
6 3 4.5 19000 5.726664971896867e-27
3 2 4.5 20000 1.8071071454352818e-25
4 2 4.5 20000 6.598518425555824e-26
5 2 4.5 20000 3.138600892560248e-26
6 2 4.5 20000 1.744829211393366e-26
8 2 4.5 20000 7.087545358364622e-27
6 3 4.5 20000 5.4179980320306244e-27
3 2 4.5 21000 1.7210788126487273e-25
4 2 4.5 21000 6.297663176064817e-26
5 2 4.5 21000 2.9977070069706004e-26
6 2 4.5 21000 1.6668614712592245e-26
8 2 4.5 21000 6.770140099502342e-27
6 3 4.5 21000 5.13746601331615e-27
3 2 4.5 22000 1.6420950615165567e-25
4 2 4.5 22000 6.021146067243563e-26
5 2 4.5 22000 2.8681253394395156e-26
6 2 4.5 22000 1.595134367707729e-26
8 2 4.5 22000 6.478131484848327e-27
6 3 4.5 22000 4.8810921209366146e-27
3 2 4.5 23000 1.569195288494484e-25
4 2 4.5 23000 5.765867232301929e-26
5 2 4.5 23000 2.74845076100533e-26
6 2 4.5 23000 1.5288800803890013e-26
8 2 4.5 23000 6.208398591850717e-27
6 3 4.5 23000 4.64558079279378e-27
3 2 4.5 24000 1.5015776817863298e-25
4 2 4.5 24000 5.529220573007053e-26
5 2 4.5 24000 2.6374987458265056e-26
6 2 4.5 24000 1.4674506579801872e-26
8 2 4.5 24000 5.958307372099192e-27
6 3 4.5 24000 4.428180158156003e-27
3 2 4.5 25000 1.438568298447251e-25
4 2 4.5 25000 5.308999788127551e-26
5 2 4.5 25000 2.5342637759842293e-26
6 2 4.5 25000 1.4102954996651818e-26
8 2 4.5 25000 5.725619230858214e-27
6 3 4.5 25000 4.226576345932642e-27
3 2 5.0 5000 6.666389066048169e-25
4 2 5.0 5000 2.237395609677833e-25
5 2 5.0 5000 1.0311240624139374e-25
6 2 5.0 5000 5.669540651772814e-26
8 2 5.0 5000 2.3057630010929664e-26
6 3 5.0 5000 2.185744215080092e-26
3 2 5.0 6000 5.662333501501394e-25
4 2 5.0 6000 1.9262407983792543e-25
5 2 5.0 6000 8.923119263451724e-26
6 2 5.0 6000 4.9155961120741765e-26
8 2 5.0 6000 1.9991806724233643e-26
6 3 5.0 6000 1.8434233087621622e-26
3 2 5.0 7000 4.919115600050077e-25
4 2 5.0 7000 1.6924417330533572e-25
5 2 5.0 7000 7.873653920598401e-26
6 2 5.0 7000 4.344210354353919e-26
8 2 5.0 7000 1.7667874525519522e-26
6 3 5.0 7000 1.590263567825101e-26
3 2 5.0 8000 4.347138779945908e-25
4 2 5.0 8000 1.5100179365019103e-25
5 2 5.0 8000 7.050223497240893e-26
6 2 5.0 8000 3.894915635760832e-26
8 2 5.0 8000 1.5840182745761312e-26
6 3 5.0 8000 1.3956827184986765e-26
3 2 5.0 9000 3.893675143866176e-25
4 2 5.0 9000 1.3635466602766116e-25
5 2 5.0 9000 6.385716188281804e-26
6 2 5.0 9000 3.5316225624949385e-26
8 2 5.0 9000 1.4362099156950592e-26
6 3 5.0 9000 1.2416692024630294e-26
3 2 5.0 10000 3.525591012503469e-25
4 2 5.0 10000 1.243256120767697e-25
5 2 5.0 10000 5.837456628294717e-26
6 2 5.0 10000 3.231348940233296e-26
8 2 5.0 10000 1.3140235260956068e-26
6 3 5.0 10000 1.1168969887446779e-26
3 2 5.0 11000 3.2209900417601036e-25
4 2 5.0 11000 1.1426372100372503e-25
5 2 5.0 11000 5.376920496405049e-26
6 2 5.0 11000 2.9787121728316633e-26
8 2 5.0 11000 1.2112076554148388e-26
6 3 5.0 11000 1.0138766538061361e-26
3 2 5.0 12000 2.96481210852113e-25
4 2 5.0 12000 1.0571784543260777e-25
5 2 5.0 12000 4.9842723300167793e-26
6 2 5.0 12000 2.7630012642568503e-26
8 2 5.0 12000 1.123408909338135e-26
6 3 5.0 12000 9.274541306896467e-27
3 2 5.0 13000 2.7463566490518476e-25
4 2 5.0 13000 9.836502151955386e-26
5 2 5.0 13000 4.645267252924228e-26
6 2 5.0 13000 2.5765143244936797e-26
8 2 5.0 13000 1.0474965939845227e-26
6 3 5.0 13000 8.539654462224888e-27
3 2 5.0 14000 2.557812646285356e-25
4 2 5.0 14000 9.196775847271681e-26
5 2 5.0 14000 4.349397952363674e-26
6 2 5.0 14000 2.4135633100655697e-26
8 2 5.0 14000 9.811583794834889e-27
6 3 5.0 14000 7.907347669172005e-27
3 2 5.0 15000 2.393346978645866e-25
4 2 5.0 15000 8.634741565080475e-26
5 2 5.0 15000 4.088737023929454e-26
6 2 5.0 15000 2.2698516779380996e-26
8 2 5.0 15000 9.22647445192233e-27
6 3 5.0 15000 7.357629582195813e-27
3 2 5.0 16000 2.248517864256371e-25
4 2 5.0 16000 8.136698836621008e-26
5 2 5.0 16000 3.8571868112172326e-26
6 2 5.0 16000 2.1420707501253133e-26
8 2 5.0 16000 8.706184736488254e-27
6 3 5.0 16000 6.875271152209095e-27
3 2 5.0 17000 2.1198854710669935e-25
4 2 5.0 17000 7.691962475082335e-26
5 2 5.0 17000 3.6499779387457923e-26
6 2 5.0 17000 2.0276296618549595e-26
8 2 5.0 17000 8.240179148329574e-27
6 3 5.0 17000 6.4484742392325605e-27
3 2 5.0 18000 2.00474634775469e-25
4 2 5.0 18000 7.292075697691019e-26
5 2 5.0 18000 3.4633249786425326e-26
6 2 5.0 18000 1.924469776833284e-26
8 2 5.0 18000 7.820085685785827e-27
6 3 5.0 18000 6.067963228939988e-27
3 2 5.0 19000 1.9009479941619817e-25
4 2 5.0 19000 6.930258143506052e-26
5 2 5.0 19000 3.2941844231247333e-26
6 2 5.0 19000 1.8309341372824052e-26
8 2 5.0 19000 7.439165284237604e-27
6 3 5.0 19000 5.7263505288943865e-27
3 2 5.0 20000 1.8067566840153405e-25
4 2 5.0 20000 6.60101060979045e-26
5 2 5.0 20000 3.140081034251523e-26
6 2 5.0 20000 1.74567372335666e-26
8 2 5.0 20000 7.091930825271753e-27
6 3 5.0 20000 5.417684121260891e-27
3 2 5.0 21000 1.7207615046882553e-25
4 2 5.0 21000 6.299826796584682e-26
5 2 5.0 21000 2.9989809624873944e-26
6 2 5.0 21000 1.667578907015539e-26
8 2 5.0 21000 6.773868526465422e-27
6 3 5.0 21000 5.1371189749357174e-27
3 2 5.0 22000 1.6418035416506883e-25
4 2 5.0 22000 6.022979635009734e-26
5 2 5.0 22000 2.86919751770327e-26
6 2 5.0 22000 1.5957285077688255e-26
8 2 5.0 22000 6.481230862419452e-27
6 3 5.0 22000 4.880674478672553e-27
3 2 5.0 23000 1.5689228454575074e-25
4 2 5.0 23000 5.767360564934165e-26
5 2 5.0 23000 2.74932015951876e-26
6 2 5.0 23000 1.5293513735348796e-26
8 2 5.0 23000 6.2108803886408386e-27
6 3 5.0 23000 4.645052728118237e-27
3 2 5.0 24000 1.5013181852958156e-25
4 2 5.0 24000 5.530357030698525e-26
5 2 5.0 24000 2.638160274247099e-26
6 2 5.0 24000 1.4677970225152137e-26
8 2 5.0 24000 5.960170391958997e-27
6 3 5.0 24000 4.427500583212307e-27
3 2 5.0 25000 1.4383161359699558e-25
4 2 5.0 25000 5.309757978545235e-26
5 2 5.0 25000 2.5347092707445286e-26
6 2 5.0 25000 1.4105129387759518e-26
8 2 5.0 25000 5.726852584876419e-27
6 3 5.0 25000 4.225703684681115e-27
